% Model:              SW_Japan - constant conv and age - 15 Ma at trench.mph
% Version:            COMSOL 5.6.0.401
% Date:               Jul 25 2024, 03:32
% Dimension:          1
% Nodes:              1211
% Expressions:        1
% Description:        Line graph
% x                       Height
-200                      35.99834735379654
-199.53271028037386       36.001111005355654
-199.06542056074767       36.00387465691477
-198.5981308411215        36.00663830847389
-198.13084112149534       36.009401960033
-197.6635514018692        36.02909658640333
-197.19626168224303       36.04879121277366
-196.72897196261687       36.06848583914398
-196.26168224299073       36.088180465514306
-195.79439252336456       36.11969911152219
-195.32710280373837       36.15121775753006
-194.8598130841122        36.18273640353793
-194.39252336448607       36.21425504954581
-193.9252336448599        36.23281647096424
-193.4579439252337        36.25137789238268
-192.99065420560754       36.269939313801096
-192.52336448598138       36.28850073521953
-192.05607476635518       36.30644917989153
-191.58878504672904       36.32439762456353
-191.12149532710288       36.34234606923554
-190.6542056074767        36.36029451390754
-190.18691588785052       36.378384327433494
-189.71962616822438       36.396474140959455
-189.25233644859824       36.41456395448541
-188.78504672897205       36.43265376801137
-188.31775700934588       36.45114664668376
-187.85046728971972       36.46963952535614
-187.38317757009355       36.48813240402853
-186.91588785046736       36.50662528270091
-186.44859813084122       36.525393464424006
-185.98130841121502       36.544161646147096
-185.51401869158883       36.56292982787018
-185.0467289719627        36.581698009593275
-184.57943925233653       36.60038903290829
-184.1121495327104        36.619080056223325
-183.6448598130842        36.637771079538346
-183.17757009345803       36.656462102853375
-182.71028037383186       36.67510018444416
-182.24299065420567       36.69373826603496
-181.7757009345795        36.71237634762576
-181.30841121495334       36.73101442921656
-180.84112149532717       36.749579084682914
-180.373831775701         36.768143740149256
-179.90654205607484       36.78670839561561
-179.4392523364487        36.80527305108196
-178.9719626168225        36.82374701517709
-178.50467289719634       36.84222097927222
-178.03738317757018       36.86069494336734
-177.570093457944         36.87916890746247
-177.10280373831782       36.89754602697787
-176.63551401869165       36.915923146493256
-176.16822429906549       36.934300266008655
-175.70093457943932       36.952677385524055
-175.23364485981315       36.97096343091186
-174.766355140187         36.98924947629966
-174.29906542056082       37.007535521687466
-173.83177570093463       37.02582156707528
-173.36448598130846       37.04402140157665
-172.89719626168232       37.062221236078024
-172.42990654205616       37.080421070579405
-171.96261682243          37.09862090508078
-171.49532710280386       37.11673388157735
-171.0280373831777        37.13484685807392
-170.5607476635515        37.15295983457049
-170.09345794392533       37.17107281106707
-169.62616822429916       37.18909782681744
-169.15887850467297       37.20712284256781
-168.6915887850468        37.225147858318195
-168.22429906542064       37.243172874068556
-167.7570093457945        37.26110876649882
-167.28971962616828       37.279044658929074
-166.8224299065421        37.296980551359326
-166.35514018691597       37.314916443789585
-165.88785046728978       37.332762586236434
-165.42056074766364       37.350608728683284
-164.95327102803748       37.368454871130126
-164.4859813084113        37.386301013576976
-164.01869158878512       37.40405932965258
-163.55140186915895       37.421817645728176
-163.08411214953279       37.439575961803776
-162.6168224299066        37.45733427787939
-162.14953271028043       37.475006165135326
-161.6822429906543        37.49267805239128
-161.21495327102815       37.51034993964722
-160.74766355140196       37.528021826903164
-160.2803738317758        37.545605411319144
-159.81308411214962       37.5631889957351
-159.34579439252343       37.58077258015108
-158.8785046728973        37.59835616456705
-158.4112149532711        37.61584679367128
-157.94392523364493       37.633337422775504
-157.47663551401874       37.65082805187973
-157.00934579439254       37.66831868098396
-156.5420560747664        37.68571165688125
-156.0747663551402        37.70310463277856
-155.60747663551405       37.72049760867586
-155.1401869158879        37.73789058457317
-154.67289719626174       37.75518587396618
-154.20560747663558       37.772481163359174
-153.73831775700944       37.789776452752186
-153.27102803738327       37.80707174214519
-152.80373831775708       37.824274045091514
-152.3364485981309        37.84147634803784
-151.8691588785047        37.85867865098416
-151.40186915887853       37.875880953930476
-150.93457943925236       37.89299355898738
-150.4672897196262        37.91010616404427
-150.00000000000006       37.927218769101174
-149.5327102803739        37.94433137415807
-149.06542056074773       37.96135361103618
-148.59813084112156       37.97837584791429
-148.1308411214954        37.995398084792406
-147.66355140186923       38.01242032167052
-147.19626168224306       38.02935009553805
-146.7289719626169        38.04627986940556
-146.2616822429907        38.06320964327308
-145.79439252336454       38.0801394171406
-145.32710280373837       38.096975428315886
-144.85981308411223       38.11381143949118
-144.39252336448604       38.130647450666466
-143.92523364485987       38.14748346184175
-143.4579439252337        38.16422785283109
-142.9906542056075        38.18097224382042
-142.52336448598138       38.19771663480975
-142.0560747663552        38.21446102579909
-141.58878504672907       38.231113941143384
-141.12149532710288       38.24776685648769
-140.6542056074767        38.26441977183199
-140.18691588785055       38.28107268717629
-139.71962616822435       38.297634858860995
-139.25233644859821       38.3141970305457
-138.78504672897208       38.33075920223041
-138.3177570093459        38.347321373915115
-137.85046728971972       38.36379422304297
-137.38317757009355       38.38026707217083
-136.91588785046739       38.39673992129868
-136.4485981308412        38.41321277042655
-135.98130841121502       38.429597706941465
-135.51401869158886       38.44598264345639
-135.04672897196272       38.46236757997131
-134.57943925233653       38.47875251648623
-134.1121495327104        38.495050068572354
-133.64485981308422       38.51134762065847
-133.17757009345803       38.5276451727446
-132.71028037383186       38.543942724830714
-132.2429906542057        38.56015281434429
-131.77570093457953       38.576362903857884
-131.30841121495334       38.592572993371476
-130.8411214953272        38.608783082885054
-130.37383177570103       38.62490525427643
-129.90654205607487       38.641027425667794
-129.43925233644873       38.65714959705917
-128.97196261682257       38.67327176845054
-128.5046728971964        38.689305216319354
-128.0373831775702        38.70533866418817
-127.57009345794404       38.72137211205698
-127.10280373831786       38.7374055599258
-126.63551401869172       38.75335172073841
-126.16822429906554       38.76929788155101
-125.70093457943938       38.78524404236362
-125.2336448598132        38.80119020317623
-124.76635514018704       38.81705457007851
-124.29906542056088       38.83291893698078
-123.83177570093471       38.848783303883046
-123.36448598130856       38.864647670785324
-122.89719626168238       38.88043369255899
-122.42990654205623       38.89621971433266
-121.96261682243006       38.91200573610632
-121.49532710280388       38.927791757879994
-121.02803738317772       38.94349445147883
-120.56074766355154       38.95919714507768
-120.09345794392537       38.97489983867653
-119.62616822429919       38.99060253227538
-119.15887850467305       39.006213552275604
-118.69158878504687       39.021824572275825
-118.2242990654207        39.03743559227605
-117.75700934579456       39.05304661227626
-117.28971962616838       39.0685636800981
-116.82242990654221       39.08408074791994
-116.35514018691603       39.09959781574178
-115.88785046728988       39.11511488356361
-115.42056074766371       39.130543474280856
-114.95327102803756       39.14597206499809
-114.48598130841141       39.16140065571533
-114.01869158878525       39.17682924643258
-113.55140186915908       39.19217855720561
-113.0841121495329        39.20752786797864
-112.61682242990672       39.222877178751666
-112.14953271028054       39.23822648952469
-111.68224299065436       39.25350016138308
-111.21495327102821       39.268773833241454
-110.74766355140204       39.28404750509984
-110.28037383177588       39.299321176958216
-109.81308411214971       39.31451551052062
-109.34579439252354       39.32970984408302
-108.87850467289735       39.34490417764542
-108.41121495327118       39.36009851120783
-107.94392523364502       39.37520806122598
-107.47663551401887       39.39031761124415
-107.0093457943927        39.40542716126231
-106.54205607476653       39.42053671128046
-106.07476635514038       39.43556108515281
-105.60747663551422       39.45058545902517
-105.14018691588805       39.46560983289752
-104.6728971962619        39.48063420676987
-104.20560747663573       39.49557723586286
-103.73831775700957       39.51052026495586
-103.27102803738339       39.525463294048855
-102.80373831775722       39.540406323141845
-102.33644859813106       39.555271694304665
-101.86915887850489       39.570137065467485
-101.40186915887872       39.585002436630305
-100.93457943925254       39.59986780779312
-100.4672897196264        39.61465556181924
-100.00000000000023       39.629443315845364
-99.53271028037405        39.644231069871495
-99.0654205607479         39.65901882389761
-98.59813084112172        39.67372785343313
-98.13084112149556        39.68843688296864
-97.6635514018694         39.70314591250414
-97.19626168224323        39.71785494203966
-96.72897196261707        39.732486601554896
-96.26168224299089        39.74711826107013
-95.7943925233647         39.761749920585366
-95.32710280373854        39.77638158010059
-94.85981308411237        39.79093643951568
-94.39252336448621        39.80549129893076
-93.92523364486006        39.82004615834584
-93.45794392523388        39.83460101776093
-92.99065420560771        39.84907726794151
-92.52336448598156        39.863553518122096
-92.05607476635538        39.878029768302675
-91.58878504672923        39.89250601848326
-91.12149532710305        39.90690193523463
-90.6542056074769         39.921297851986
-90.18691588785072        39.935693768737366
-89.71962616822454        39.950089685488734
-89.25233644859838        39.9644063509436
-88.78504672897222        39.97872301639845
-88.31775700934605        39.993039681853304
-87.85046728971989        40.00735634730816
-87.38317757009372        40.021595252775924
-86.91588785046756        40.03583415824368
-86.4485981308414         40.05007306371145
-85.98130841121524        40.06431196917921
-85.51401869158906        40.0784732763694
-85.04672897196289        40.09263458355959
-84.57943925233671        40.106795890749765
-84.11214953271055        40.12095719793996
-83.64485981308438        40.135041973158955
-83.17757009345821        40.14912674837795
-82.71028037383205        40.16321152359695
-82.24299065420588        40.177296298815946
-81.77570093457973        40.19130462162677
-81.30841121495355        40.20531294443759
-80.84112149532739        40.2193212672484
-80.37383177570123        40.23332959005922
-79.90654205607505        40.24726526425286
-79.43925233644889        40.26120093844649
-78.97196261682271        40.27513661264013
-78.50467289719654        40.289072286833765
-78.03738317757038        40.302935700277594
-77.57009345794421        40.31679911372143
-77.10280373831804        40.33066252716525
-76.63551401869188        40.34452594060908
-76.1682242990657         40.35831547745124
-75.70093457943952        40.37210501429342
-75.23364485981335        40.385894551135586
-74.76635514018716        40.39968408797775
-74.29906542056099        40.41339730112913
-73.83177570093481        40.42711051428051
-73.36448598130863        40.440823727431884
-72.89719626168247        40.45453694058326
-72.4299065420563         40.46817456539636
-71.96261682243014        40.48181219020944
-71.49532710280397        40.49544981502253
-71.02803738317782        40.509087439835625
-70.56074766355164        40.52265427644775
-70.09345794392546        40.53622111305988
-69.6261682242993         40.549787949672
-69.15887850467313        40.56335478628413
-68.69158878504696        40.57685492834141
-68.22429906542078        40.5903550703987
-67.75700934579461        40.60385521245599
-67.28971962616843        40.61735535451328
-66.82242990654227        40.63078811897188
-66.3551401869161         40.64422088343047
-65.88785046728994        40.65765364788906
-65.42056074766379        40.67108641234766
-64.9532710280376         40.684447888537846
-64.48598130841145        40.69780936472802
-64.01869158878529        40.71117084091819
-63.551401869159115       40.72453231710838
-63.08411214953294        40.737820527047106
-62.61682242990677        40.75110873698584
-62.14953271028059        40.764396946924585
-61.682242990654416       40.77768515686331
-61.21495327102825        40.79090114511727
-60.747663551402084       40.80411713337122
-60.28037383177592        40.81733312162518
-59.81308411214975        40.830549109879136
-59.34579439252359        40.84369306287186
-58.878504672897414       40.85683701586457
-58.41121495327125        40.86998096885729
-57.94392523364508        40.883124921850005
-57.47663551401891        40.89619635194647
-57.009345794392736       40.90926778204294
-56.54205607476657        40.922339212139406
-56.0747663551404         40.93541064223587
-55.60747663551422        40.948410773427604
-55.14018691588804        40.961410904619335
-54.672897196261864       40.974411035811066
-54.20560747663569        40.9874111670028
-53.738317757009526       41.000341959440675
-53.27102803738336        41.013272751878546
-52.8037383177572         41.02620354431642
-52.33644859813103        41.039134336754294
-51.86915887850486        41.051997614602804
-51.4018691588787         41.06486089245132
-50.93457943925253        41.077724170299845
-50.467289719626365       41.09058744814836
-50.0000000000002         41.103384594182835
-49.532710280374026       41.116181740217314
-49.06542056074785        41.128978886251794
-48.59813084112169        41.14177603228625
-48.13084112149551        41.154506986360175
-47.66355140186933        41.167237940434084
-47.196261682243154       41.179968894508
-46.728971962616974       41.19269984858191
-46.26168224299082        41.20536361256534
-45.794392523364664       41.218027376548775
-45.32710280373849        41.230691140532215
-44.85981308411234        41.24335490451565
-44.39252336448616        41.25595051480607
-43.925233644859986       41.268546125096485
-43.457943925233806       41.2811417353869
-42.99065420560763        41.29373734567733
-42.52336448598147        41.30626378555868
-42.056074766355295       41.31879022544003
-41.58878504672912        41.33131666532139
-41.121495327102956       41.34384310520274
-40.65420560747679        41.356299058241966
-40.18691588785063        41.368755011281195
-39.719626168224465       41.38121096432041
-39.2523364485983         41.393666917359646
-38.78504672897212        41.40605189945971
-38.31775700934595        41.41843688155979
-37.85046728971977        41.43082186365987
-37.38317757009359        41.44320684575995
-36.91588785046742        41.45552279459506
-36.448598130841255       41.46783874343017
-35.98130841121509        41.48015469226528
-35.514018691588916       41.49247064110039
-35.04672897196274        41.504720417074175
-34.57943925233657        41.51697019304795
-34.1121495327104         41.529219969021725
-33.644859813084224       41.54146974499551
-33.17757009345806        41.5536549242678
-32.71028037383189        41.5658401035401
-32.24299065420572        41.5780252828124
-31.77570093457955        41.59021046208469
-31.308411214953384       41.60233070692218
-30.84112149532721        41.61445095175967
-30.373831775701042       41.62657119659715
-29.906542056074876       41.638691441434645
-29.4392523364487         41.65074779285043
-28.971962616822527       41.662804144266225
-28.504672897196357       41.67486049568201
-28.037383177570185       41.68691684709779
-27.57009345794403        41.698910603511344
-27.102803738317874       41.710904359924896
-26.63551401869172        41.722898116338456
-26.168224299065564       41.734891872752
-25.700934579439384       41.746822809755905
-25.233644859813204       41.758753746759794
-24.766355140187024       41.7706846837637
-24.29906542056084        41.782615620767594
-23.831775700934667       41.794481322932796
-23.364485981308498       41.806347025097985
-22.89719626168233        41.81821272726319
-22.429906542056152       41.83007842942838
-21.962616822429986       41.84187735039508
-21.49532710280382        41.85367627136176
-21.02803738317765        41.86547519232846
-20.560747663551485       41.87727411329515
-20.093457943925326       41.88899538792345
-19.626168224299164       41.90071666255175
-19.158878504673005       41.91243793718006
-18.691588785046847       41.92415921180836
-18.224299065420666       41.93577564287037
-17.75700934579448        41.94739207393239
-17.2897196261683         41.9590085049944
-16.82242990654212        41.97062493605641
-16.355140186915953       41.98211665330186
-15.887850467289786       41.99360837054729
-15.420560747663618       42.005100087792734
-14.953271028037452       42.01659180503818
-14.485981308411278       42.02797381870551
-14.018691588785105       42.039355832372834
-13.551401869158934       42.050737846040164
-13.084112149532759       42.062119859707494
-12.616822429906593       42.07331926833478
-12.149532710280424       42.08451867696206
-11.682242990654256       42.095718085589354
-11.214953271028088       42.10691749421664
-10.747663551401923       42.1180225709881
-10.280373831775755       42.12912764775956
-9.813084112149587        42.14023272453103
-9.345794392523421        42.151337801302496
-8.878504672897247        42.16282537107297
-8.411214953271074        42.17431294084346
-7.943925233644901        42.18580051061393
-7.476635514018727        42.1972880803844
-7.00934579439256         42.20939708277111
-6.542056074766394        42.221506085157806
-6.074766355140227        42.2336150875445
-5.607476635514059        42.245724089931194
-5.140186915887886        42.26227244922107
-4.6728971962617125       42.27882080851094
-4.205607476635539        42.295369167800814
-3.7383177570093644       42.311917527090685
-3.2710280373831977       42.32946990152106
-2.803738317757031        42.34702227595144
-2.3364485981308634       42.36457465038182
-1.8691588785046966       42.38212702481219
-1.4018691588785224       42.37495606565112
-0.9345794392523483       42.36778510649006
-0.46728971962617416      42.36061414732899
0                         42.353443188167915
0                         42.394925787826885
0.5191592714894386        42.40469730284588
1.0383185429788773        42.41446881786489
1.557477814468316         42.4242403328839
2.0766370859577545        42.477300519231974
2.0766370859577545        42.4340118479029
2.495805412766246         42.49258795581845
2.914973739574737         42.50787539240493
3.3341420663832277        42.52316282899142
3.753310393191719         42.538450265577886
4.172478720000212         42.5506083748723
4.591647046808707         42.5627664841667
5.010815373617199         42.574924593461105
5.429983700425694         42.58708270275552
5.8491520272341875        42.58596567105891
6.2683203540426815        42.58484863936229
6.6874886808511755        42.58373160766568
7.10665700765967          42.58261457596907
7.525825334468163         42.59212065052343
7.944993661276658         42.60162672507778
8.36416198808515          42.61113279963214
8.783330314893645         42.62063887418649
9.202498641702139         42.633523491177236
9.621666968510635         42.646408108167996
10.040835295319127        42.65929272515876
10.460003622127621        42.6721773421495
10.879171948936113        42.68267639531842
11.298340275744609        42.69317544848733
11.717508602553103        42.70367450165624
12.136676929361595        42.71417355482516
12.55584525617009         42.727146979899615
12.975013582978585        42.74012040497408
13.39418190978708         42.75309383004854
13.813350236595573        42.766067255123
13.813350236595573        42.76056819119523
14.263443300275092        42.78213670219007
14.713536363954608        42.80370521318491
15.163629427634127        42.82527372417974
15.613722491313647        42.846842235174584
16.063173234737114        42.872781883115834
16.512623978160583        42.89872153105709
16.96207472158405         42.92466117899836
17.411525465007518        42.95060082693962
17.860036038620105        42.9845731149272
18.30854661223269         43.01854540291477
18.757057185845277        43.05251769090235
19.205567759457864        43.08648997888992
19.652840936752494        43.08286455806757
20.100114114047123        43.07923913724522
20.547387291341757        43.07561371642288
20.994660468636386        43.138098967095765
20.994660468636386        43.071988295600526
21.458587448235154        43.1308693434029
21.92251442783392         43.12363971971005
22.38644140743269         43.116410096017184
22.85036838703146         43.10918047232432
23.314295366630137        43.11946209201142
23.77822234622882         43.12974371169851
24.2421493258275          43.140025331385615
24.70607630542618         43.150306951072714
25.170003285024865        43.17400940763776
25.633930264623544        43.19771186420282
26.09785724422223         43.22141432076788
26.56178422382091         43.24511677733293
27.02571120341959         43.2551545822949
27.489638183018272        43.265192387256874
27.953565162616954        43.275230192218835
28.417492142215636        43.2852679971808
28.881419121814318        43.29462895478627
29.345346101412996        43.30398991239175
29.809273081011682        43.31335086999723
30.273200060610364        43.322711827602696
30.737127040209042        43.33259723420007
31.201054019807724        43.342482640797435
31.6649809994064          43.352368047394805
32.128907979005085        43.36225345399218
32.59283495860377         43.37224601994417
33.05676193820245         43.38223858589617
33.52068891780113         43.392231151848165
33.98461589739982         43.402223717800155
34.4485428769985          43.41225955006748
34.91246985659718         43.422295382334795
35.37639683619585         43.43233121460211
35.840323815794534        43.442367046869435
36.30425079539322         43.452257563518295
36.768177774991905        43.46214808016715
37.23210475459059         43.47203859681601
37.69603173418927         43.481929113464865
38.15995871378795         43.49181984903562
38.62388569338663         43.501710584606386
39.08781267298531         43.511601320177135
39.55173965258399         43.52149205574789
40.01566663218267         43.53128629359175
40.479593611781354        43.5410805314356
40.94352059138003         43.55087476927944
41.40744757097872         43.560669007123295
41.87137455057739         43.57037564619776
42.335301530176075        43.58008228527223
42.799228509774764        43.5897889243467
43.26315548937344         43.599495563421165
43.72708246897213         43.60912616392588
44.19100944857081         43.618756764430586
44.65493642816949         43.6283873649353
45.11886340776817         43.638017965440014
45.58279038736685         43.64758364728773
46.04671736696553         43.65714932913545
46.51064434656421         43.66671501098317
46.974571326162895        43.67628069283089
47.43849830576158         43.68578938695767
47.90242528536026         43.695298081084445
48.36635226495894         43.70480677521122
48.83027924455762         43.714315469338004
49.2942062241563          43.72377106748714
49.75813320375498         43.73322666563628
50.22206018335366         43.74268226378541
50.68598716295235         43.75213786193456
51.149914142551026        43.76154137005415
51.613841122149715        43.77094487817375
52.0777681017484          43.78034838629334
52.54169508134707         43.789751894412944
53.00562206094576         43.79910315440425
53.469549040544436        43.80845441439556
53.93347602014312         43.817805674386875
54.3974029997418          43.82715693437818
54.86132997934048         43.83645564319271
55.32525695893916         43.845754352007226
55.789183938537846        43.85505306082177
56.25311091813652         43.86435176963629
56.7170378977352          43.873596393085
57.180964877333885        43.8828410165337
57.64489185693257         43.89208563998241
58.108818836531256        43.90133026343112
58.57274581612994         43.91051908102993
59.03667279572862         43.91970789862875
59.5005997753273          43.928896716227555
59.96452675492598         43.93808553382638
60.428453734524666        43.94721906633
60.89238071412334         43.95635259883362
61.356307693722016        43.96548613133725
61.8202346733207          43.97461966384087
62.28416165291937         43.983699861955515
62.74808863251806         43.992780060070174
63.212015612116744        44.00186025818482
63.675942591715426        44.01094045629946
64.13986957131411         44.01996794039909
64.60379655091279         44.028995424498724
65.06772353051147         44.03802290859836
65.53165051011015         44.04705039269799
65.99557748970882         44.0560240535236
66.45950446930752         44.06499771434921
66.9234314489062          44.07397137517482
67.38735842850488         44.082945036000424
67.85128540810356         44.091864123204864
68.31521238770225         44.100783210409304
68.77913936730093         44.10970229761375
69.24306634689961         44.11862138481819
69.70699332649829         44.127486046729736
70.17092030609697         44.13635070864128
70.63484728569566         44.145215370552826
71.09877426529434         44.15408003246438
71.56270124489302         44.162890287095664
72.0266282244917          44.17170054172695
72.49055520409038         44.180510796358234
72.95448218368907         44.18932105098951
73.41840916328775         44.19807768504911
73.88233614288642         44.2068343191087
74.3462631224851          44.215590953168295
74.81019010208378         44.22434758722789
75.27411708168246         44.23305181769442
75.73804406128116         44.24175604816094
76.20197104087984         44.250460278627465
76.66589802047852         44.25916450909399
77.1298250000772          44.26781424200144
77.59375197967587         44.2764639749089
78.05767895927454         44.28511370781635
78.52160593887322         44.29376344072381
78.9855329184719          44.3023540497078
79.44945989807059         44.3109446586918
79.91338687766927         44.3195352676758
80.37731385726795         44.328125876659804
80.84124083686665         44.33665620813474
81.30516781646533         44.34518653960967
81.76909479606401         44.3537168710846
82.23302177566269         44.36224720255954
82.69694875526137         44.370720291728645
83.16087573486006         44.37919338089774
83.62480271445874         44.38766647006684
84.0887296940574          44.39613955923594
84.55265667365609         44.4045573127499
85.01658365325477         44.41297506626386
85.48051063285347         44.42139281977783
85.94443761245215         44.42981057329178
86.40836459205083         44.43817145314853
86.87229157164951         44.44653233300526
87.3362185512482          44.454893212862
87.80014553084688         44.46325409271873
88.26407251044556         44.471555563422704
88.72799949004423         44.479857034126695
89.19192646964291         44.48815850483068
89.65585344924159         44.496459975534655
90.11978042884027         44.50470097474634
90.58370740843897         44.51294197395803
91.04763438803764         44.521182973169715
91.51156136763632         44.5294239723814
91.97548834723499         44.53760542826332
92.43941532683367         44.54578688414523
92.90334230643236         44.55396834002715
93.36726928603103         44.562149795909065
93.83119626562971         44.57027308913485
94.2951232452284          44.57839638236065
94.75905022482708         44.58651967558645
95.22297720442577         44.594642968812245
95.68690418402446         44.60270772705974
96.15083116362314         44.61077248530723
96.61475814322182         44.61883724355473
97.0786851228205          44.62690200180222
97.54261210241918         44.63490553623803
98.00653908201787         44.64290907067383
98.47046606161655         44.650912605109625
98.93439304121522         44.65891613954543
99.3983200208139          44.66685481325305
99.8622470004126          44.67479348696069
100.32617398001128        44.68273216066833
100.79010095960996        44.69067083437595
101.25402793920864        44.69854297441784
101.71795491880731        44.706415114459716
102.18188189840599        44.7142872545016
102.64580887800467        44.72215939454349
103.10973585760335        44.72996679397856
103.57366283720204        44.73777419341365
104.0375898168007         44.74558159284873
104.5015167963994         44.7533889922838
104.96544377599808        44.76113301648801
105.42937075559676        44.76887704069222
105.89329773519545        44.77662106489643
106.35722471479413        44.78436508910064
106.8211516943928         44.79204419338594
107.28507867399148        44.799723297671235
107.74900565359016        44.80740240195654
108.21293263318884        44.81508150624184
108.67685961278752        44.82269441326199
109.1407865923862         44.83030732028215
109.6047135719849         44.83792022730231
110.06864055158358        44.845533134322466
110.53256753118227        44.85307813619436
110.99649451078095        44.86062313806627
111.46042149037963        44.86816813993818
111.92434846997831        44.87571314181008
112.38827544957698        44.883187367618746
112.85220242917568        44.8906615934274
113.31612940877436        44.89813581923607
113.78005638837303        44.90561004504473
114.24398336797172        44.91301327214721
114.7079103475704         44.9204164992497
115.17183732716909        44.92781972635218
115.63576430676777        44.93522295345466
116.09969128636645        44.942555862664044
116.56361826596513        44.949888771873425
117.02754524556381        44.9572216810828
117.4914722251625         44.96455459029219
117.95539920476119        44.97181425530007
118.41932618435987        44.97907392030795
118.88325316395856        44.98633358531583
119.34718014355727        44.99359325032372
119.81110712315594        45.00077612194942
120.27503410275462        45.00795899357513
120.7389610823533         45.01514186520086
121.20288806195197        45.02232473682656
121.66681504155065        45.02943174419098
122.13074202114933        45.036538751555405
122.59466900074801        45.043645758919816
123.0585959803467         45.05075276628423
123.52252295994539        45.057785929941645
123.98644993954407        45.06481909359905
124.45037691914276        45.07185225725646
124.91430389874145        45.07888542091388
125.37823087834013        45.085843188603825
125.84215785793882        45.092800956293786
126.3060848375375         45.09975872398373
126.77001181713618        45.10671649167368
127.23393879673486        45.11359548368242
127.69786577633354        45.120474475691154
128.16179275593223        45.1273534676999
128.6257197355309         45.13423245970863
129.0896467151296         45.14102922277467
129.55357369472827        45.14782598584072
130.01750067432695        45.15462274890675
130.48142765392564        45.161419511972795
130.94535463352432        45.16812979645165
131.409281613123          45.17484008093051
131.8732085927217         45.18155036540936
132.3371355723204         45.188260649888214
132.80106255191907        45.19488182743887
133.26498953151778        45.20150300498952
133.72891651111647        45.20812418254017
134.19284349071515        45.214745360090824
134.65677047031383        45.22127851950731
135.1206974499125         45.2278116789238
135.58462442951117        45.23434483834029
136.04855140910985        45.24087799775677
136.51247838870853        45.24732886973574
136.97640536830724        45.25377974171471
137.44033234790592        45.26023061369368
137.9042593275046         45.26668148567264
138.3681863071033         45.273051739708556
138.83211328670197        45.27942199374446
139.29604026630065        45.28579224778037
139.75996724589933        45.29216250181627
140.22389422549801        45.29844420656599
140.6878212050967         45.30472591131569
141.15174818469538        45.31100761606541
141.6156751642941         45.317289320815114
142.07960214389277        45.323478105744876
142.54352912349145        45.329666890674645
143.00745610309014        45.3358556756044
143.47138308268882        45.34204446053416
143.9353100622875         45.34814228737471
144.39923704188618        45.354240114215266
144.86316402148486        45.36033794105582
145.32709100108355        45.36643576789637
145.79101798068223        45.37244176711522
146.2549449602809         45.37844776633406
146.7188719398796         45.38445376555291
147.18279891947827        45.390459764771755
147.64672589907696        45.39637090920827
148.11065287867564        45.40228205364478
148.57457985827435        45.4081931980813
149.03850683787303        45.4141043425178
149.5024338174717         45.41991888344994
149.96636079707037        45.425733424382074
150.43028777666905        45.4315479653142
150.89421475626773        45.43736250624634
151.3581417358664         45.44308272655667
151.82206871546512        45.44880294686699
152.28599569506383        45.45452316717733
152.7499226746625         45.46024338748766
153.2138496542612         45.46587449840362
153.67777663385988        45.4715056093196
154.14170361345856        45.47713672023556
154.60563059305724        45.48276783115153
155.06955757265592        45.48830663879568
155.5334845522546         45.49384544643983
155.9974115318533         45.49938425408397
156.46133851145197        45.50492306172813
156.92526549105065        45.51035906394531
157.3891924706493         45.51579506616249
157.853119450248          45.52123106837967
158.31704642984667        45.526667070596865
158.78097340944535        45.53199759083603
159.24490038904403        45.53732811107521
159.70882736864274        45.542658631314374
160.17275434824143        45.54798915155355
160.6366813278401         45.55321769009932
161.1006083074388         45.5584462286451
161.56453528703747        45.56367476719088
162.02846226663618        45.56890330573666
162.49238924623486        45.57402840005673
162.95631622583355        45.5791534943768
163.42024320543223        45.584278588696876
163.8841701850309         45.58940368301695
164.3480971646296         45.594423257677114
164.81202414422827        45.599442832337274
165.27595112382696        45.60446240699744
165.73987810342564        45.6094819816576
166.20380508302432        45.614400087876184
166.667732062623          45.61931819409476
167.13165904222168        45.62423630031333
167.59558602182037        45.62915440653191
168.05951300141905        45.63397704822189
168.52343998101773        45.63879968991187
168.9873669606164         45.64362233160187
169.4512939402151         45.64844497329184
169.9152209198138         45.65317141984681
170.3791478994125         45.657897866401775
170.84307487901117        45.66262431295674
171.30700185860985        45.667350759511706
171.77092883820853        45.67196948322434
172.23485581780724        45.67658820693696
172.69878279740593        45.681206930649594
173.16270977700458        45.685825654362226
173.6266367566033         45.69032747193939
174.09056373620197        45.69482928951656
174.55449071580065        45.699331107093734
175.01841769539934        45.703832924670905
175.48234467499802        45.70822400200886
175.9462716545967         45.712615079346826
176.41019863419538        45.717006156684796
176.87412561379406        45.72139723402275
177.33805259339275        45.725686832619225
177.80197957299143        45.729976431215704
178.2659065525901         45.734266029812176
178.7298335321888         45.738555628408655
179.1937605117875         45.742742977873775
179.65768749138616        45.7469303273389
180.12161447098484        45.75111767680402
180.58554145058355        45.75530502626915
181.0494684301822         45.75938862577903
181.51339540978088        45.76347222528891
181.97732238937962        45.76755582479879
182.44124936897828        45.771639424308674
182.90517634857696        45.77561724258035
183.36910332817564        45.77959506085204
183.83303030777432        45.78357287912372
184.296957287373          45.7875506973954
184.7608842669717         45.7914075044306
185.22481124657037        45.795264311465814
185.68873822616905        45.79912111850101
186.15266520576773        45.80297792553622
186.61659218536644        45.80670276299579
187.0805191649651         45.81042760045536
187.54444614456378        45.81415243791492
188.0083731241625         45.81787727537449
188.47230010376114        45.82143866166062
188.93622708335982        45.82500004794676
189.40015406295853        45.828561434232896
189.8640810425572         45.832122820519025
190.3280080221559         45.835507761783326
190.79193500175455        45.83889270304762
191.25586198135323        45.84227764431191
191.71978896095195        45.84566258557621
192.18371594055066        45.84891667111076
192.64764292014934        45.85217075664532
193.11156989974802        45.855424842179886
193.5754968793467         45.85867892771444
194.03942385894538        45.86179052250753
194.50335083854407        45.86490211730061
194.96727781814275        45.86801371209369
195.43120479774143        45.871125306886775
195.8951317773401         45.87453938975248
196.3590587569388         45.87795347261819
196.82298573653748        45.8813675554839
197.28691271613616        45.884781638349615
197.75083969573484        45.88787313411273
198.21476667533352        45.890964629875846
198.6786936549322         45.89405612563897
199.14262063453089        45.897147621402084
199.60654761412954        45.90570158119817
200.07047459372822        45.91425554099426
200.53440157332693        45.922809500790365
200.99832855292559        45.93136346058645
201.4622555325243         45.938321471590726
201.926182512123          45.945279482595
202.39010949172172        45.95223749359928
202.8540364713204         45.95919550460356
203.31796345091905        45.95170345432096
203.7818904305177         45.94421140403837
204.24581741011636        45.936719353755784
204.709744389715          45.92922730347319
204.709744389715          45.94033849892254
205.16851290886945        45.934214741893165
205.62728142802388        45.92809098486379
206.08604994717834        45.92196722783442
206.54481846633277        45.91584347080504
207.00313706725458        45.92190913477755
207.46145566817643        45.92797479875006
207.9197742690982         45.934040462722564
208.37809287002005        45.94010612669507
208.83593924431509        45.955778486192166
209.29378561861017        45.971450845689276
209.75163199290526        45.98712320518638
210.20947836720032        46.002795564683474
210.66683021165946        46.00710924175009
211.12418205611866        46.011422918816706
211.58153390057782        46.015736595883325
212.03888574503696        46.02005027294994
212.49572076714455        46.025160195144956
212.95255578925213        46.03027011733997
213.4093908113597         46.035380039534985
213.8662258334673         46.040489961729996
214.32252175689325        46.04547492935758
214.7788176803192         46.05045989698517
215.23511360374516        46.05544486461275
215.69140952717115        46.06042983224033
216.14714409724124        46.065054348890925
216.6028786673113         46.06967886554152
217.05861323738142        46.0743033821921
217.51434780745151        46.07892789884269
217.9694987965903         46.0831781548379
218.42464978572906        46.0874284108331
218.87980077486785        46.0916786668283
219.33495176400663        46.0959289228235
219.78949697714694        46.10020981341702
220.24404219028725        46.10449070401053
220.6985874034276         46.10877159460404
221.15313261656792        46.113052485197564
221.60704989652228        46.11724086379373
222.0609671764766         46.121429242389915
222.51488445643096        46.12561762098609
222.96880173638533        46.12980599958226
223.42206896917284        46.133893890468215
223.87533620196038        46.13798178135418
224.32860343474792        46.14206967224013
224.78187066753543        46.14615756312609
225.23446578765953        46.15012752746186
225.68706090778363        46.15409749179765
226.13965602790773        46.15806745613343
226.59225114803183        46.162037420469225
227.04415209940296        46.1658993364785
227.4960530507741         46.16976125248779
227.94795400214522        46.17362316849708
228.39985495351635        46.177485084506365
228.8510396855969         46.181234792799835
229.3022244176774         46.18498450109332
229.75340914975789        46.1887342093868
230.20459388183843        46.19248391768028
230.65504043561666        46.19609825711946
231.10548698939493        46.19971259655865
231.55593354317315        46.20332693599783
232.0063800969514         46.206941275437
232.45606653244317        46.21039666738887
232.90575296793492        46.213852059340745
233.35543940342666        46.21730745129261
233.8051258389184         46.220762843244486
234.25403023916311        46.22406976004156
234.70293463940783        46.22737667683863
235.15183903965257        46.23068359363569
235.60074343989726        46.23399051043276
236.0488439163973         46.2371352100606
236.49694439289732        46.24027990968843
236.94504486939735        46.24342460931627
237.39314534589738        46.24656930894411
237.84042004402           46.24958212746341
238.28769474214258        46.25259494598272
238.73496944026513        46.25560776450203
239.18224413838772        46.25862058302134
239.62867124272452        46.261511755990476
240.0750983470613         46.26440292895963
240.52152545139816        46.267294101928776
240.96795255573494        46.27018527489792
241.41351029541391        46.272954764247395
241.85906803509283        46.27572425359686
242.3046257747718         46.27849374294633
242.75018351445075        46.28126323229581
243.19485016839397        46.28390458357328
243.63951682233719        46.28654593485076
244.08418347628046        46.28918728612823
244.52885013022367        46.291828637405715
244.97260403234722        46.29432519894105
245.4163579344707         46.2968217604764
245.86011183659417        46.299318322011736
246.30386573871772        46.30181488354709
246.7466852830664         46.30414317389425
247.18950482741508        46.306471464241426
247.63232437176381        46.3087997545886
248.0751439161125         46.31112804493577
248.51700753839876        46.31335790189727
248.95887116068502        46.315587758858776
249.40073478297128        46.31781761582027
249.84259840525755        46.32004747278177
250.28348453344162        46.322115630395295
250.72437066162567        46.32418378800881
251.16525678980972        46.32625194562233
251.60614291799376        46.32832010323585
252.0460300918774         46.33024050549211
252.4859172657611         46.332160907748374
252.92580443964474        46.33408131000464
253.3656916135284         46.33600171226089
253.80455841115656        46.337745166895374
254.24342520878474        46.33948862152985
254.6822920064129         46.34123207616433
255.12115880404107        46.34297553079882
255.55898383847952        46.344700780365514
255.99680887291797        46.346426029932196
256.43463390735644        46.348151279498886
256.87245894179483        46.34987652906558
257.3092208664846         46.351406631275786
257.74598279117436        46.35293673348599
258.18274471586403        46.3544668356962
258.6195066405538         46.35599693790641
259.0551841546137         46.357392714781874
259.4908616686735         46.35878849165735
259.9265391827334         46.36018426853283
260.36221669679327        46.3615800454083
260.7967885502654         46.362835669606405
261.23136040373754        46.364091293804506
261.66593225720965        46.3653469180026
262.10050411068175        46.36660254220071
262.53394910971446        46.36772603207782
262.96739410874716        46.368849521954935
263.4008391077798         46.36997301183205
263.8342841068125         46.37109650170916
264.2665811187759         46.3720939807523
264.6988781307392         46.373091459795425
265.1311751427026         46.374088938838554
265.56347215466604        46.37508641788168
265.9946001131941         46.375946510177464
266.4257280717221         46.376806602473245
266.8568560302501         46.377666694769026
267.2879839887782         46.37852678706481
267.7179218987331         46.37923904006596
268.1478598086881         46.37995129306712
268.57779771864307        46.38066354606828
269.007735628598          46.38137579906943
269.43646256260587        46.38199239971882
269.86518949661377        46.382609000368205
270.2939164306216         46.38322560101759
270.7226433646295         46.38384220166697
271.15013839197024        46.38431786207083
271.577633419311          46.38479352247469
272.00512844665167        46.385269182878545
272.4326234739924         46.38574484328241
272.85886577675814        46.38607835033235
273.2851080795239         46.3864118573823
273.7113503822897         46.386745364432244
274.1375926850555         46.38707887148218
274.56256150973417        46.38728689530702
274.98753033441284        46.387494919131846
275.41249915909157        46.38770294295667
275.83746798377024        46.3879109667815
276.26114262365763        46.3880202077024
276.6848172635451         46.388129448623296
277.10849190343254        46.388238689544195
277.53216654332005        46.38834793046508
277.9545263437577         46.38833200076927
278.3768861441954         46.38831607107345
278.7992459446331         46.388300141377634
279.2216057450708         46.388284211681814
279.64263010861725        46.38812467195332
280.0636544721636         46.387965132224835
280.48467883570993        46.387805592496356
280.9057031992563         46.38764605276786
281.32537159078674        46.3873401692615
281.7450399823171         46.387034285755135
282.1647083738474         46.38672840224876
282.58437676537784        46.38642251874239
283.002668717108          46.385977489591205
283.4209606688382         46.38553246044003
283.8392526205683         46.38508743128886
284.2575445722985         46.384642402137665
284.6744396887267         46.384077511467545
285.09133480515493        46.383512620797426
285.5082299215831         46.3829477301273
285.9251250380113         46.38238283945717
286.3406030007733         46.38169753624951
286.75608096353534        46.38101223304186
287.17155892629734        46.38032692983419
287.58703688905933        46.37964162662654
288.00107746169226        46.378838364938545
288.4151180343251         46.378035103250554
288.82915860695795        46.37723184156257
289.2431991795909         46.37642857987458
289.65578221085696        46.375488284094764
290.0683652421231         46.374547988314944
290.48094827338923        46.37360769253513
290.8935313046553         46.37266739675532
291.3046366624785         46.371623254523165
291.7157420203017         46.370579112291026
292.1268473781249         46.369534970058886
292.5379527359482         46.36849082782673
292.94756038623905        46.36725883129923
293.35716803652986        46.36602683477173
293.7667756868206         46.36479483824422
294.1763833371115         46.36356284171672
294.584473339664          46.362257344854385
294.9925633422165         46.36095184799204
295.40065334476907        46.359646351129705
295.8087433473215         46.35834085426737
296.21529582042604        46.35689278875281
296.6218482935306         46.35544472323826
297.0284007666352         46.3539966577237
297.4349532397397         46.352548592209146
297.8399483652693         46.35097567174259
298.244943490799          46.34940275127605
298.6499386163286         46.34782983080951
299.0549337418583         46.34625691034296
299.4583517702751         46.3444450948114
299.86176979869185        46.34263327927982
300.2651878271086         46.340821463748256
300.6686058555254         46.339009648216695
301.07042711080135        46.3373115954833
301.4722483660773         46.335613542749925
301.8740696213532         46.333915490016544
302.27589087662915        46.332217437283155
302.6760957610771         46.32965080649636
303.076300645525          46.32708417570958
303.4765055299729         46.324517544922784
303.8767104144208         46.32195091413599
304.2752794134297         46.32020974069316
304.6738484124386         46.31846856725032
305.07241741144753        46.31672739380748
305.4709864104564         46.31498622036465
305.8679000971273         46.31885762177006
306.26481378379816        46.32272902317547
306.66172747046903        46.326600424580874
307.05864115713996        46.33047182598629
307.45388019681616        46.32872642523383
307.8491192364923         46.326981024481384
308.2443582761685         46.32523562372893
308.6395973158447         46.32349022297649
309.0331424705333         46.310250732306976
309.4266876252219         46.29701124163747
309.82023277991055        46.28377175096798
310.21377793459914        46.28908165904925
310.21377793459914        46.27053226029847
310.6036800789108         46.27820577263578
310.99358222322246        46.26732988622231
311.38348436753415        46.25645399980885
311.7733865118459         46.24557811339538
312.1632886561576         46.24006874959237
312.5531908004694         46.23455938578935
312.9430929447812         46.22905002198635
313.3329950890929         46.22354065818334
313.72289723340464        46.2269500237649
314.1127993777163         46.23035938934647
314.5027015220281         46.233768754928036
314.8926036663398         46.237178120509604
315.2825058106515         46.232044820641214
315.6724079549633         46.226911520772816
316.06231009927507        46.221778220904426
316.45221224358676        46.216644921036035
316.8421143878985         46.21091695352306
317.23201653221025        46.2051889860101
317.621918676522          46.19946101849713
318.01182082083375        46.193733050984164
318.40172296514544        46.18866745164066
318.79162510945724        46.18360185229715
319.181527253769          46.17853625295364
319.5714293980807         46.17347065361014
319.96133154239243        46.1680108658341
320.3512336867042         46.162551078058065
320.7411358310159         46.157091290282025
321.1310379753277         46.15163150250598
321.52094011963936        46.14608763189
321.91084226395117        46.140543761274024
322.3007444082629         46.134999890658044
322.6906465525746         46.129456020042056
323.08054869688635        46.12393279156876
323.4704508411981         46.11840956309547
323.8603529855098         46.112886334622175
324.25025512982154        46.107363106148874
324.64015727413323        46.10134514974341
325.030059418445          46.095327193337944
325.4199615627568         46.08930923693248
325.8098637070685         46.083291280527
326.1997658513802         46.078790887533685
326.589667995692          46.07429049454036
326.9795701400037         46.06979010154704
327.36947228431546        46.06528970855372
327.75937442862715        46.06024185862876
328.1492765729389         46.055194008703815
328.53917871725065        46.05014615877886
328.92908086156234        46.0450983088539
329.31898300587414        46.0384274829839
329.7088851501859         46.03175665711389
330.0987872944976         46.02508583124389
330.4886894388094         46.01841500537389
330.8785915831211         46.011979428915105
331.2684937274328         46.00554385245633
331.6583958717446         45.99910827599755
332.04829801605626        45.992672699538765
332.43820016036807        45.98622922976538
332.8281023046798         45.97978575999199
333.2180044489915         45.973342290218596
333.6079065933033         45.9668988204452
333.99780873761506        45.95631430074829
334.38771088192675        45.94572978105138
334.7776130262385         45.93514526135446
335.1675151705502         45.92456074165754
335.557417314862          45.91718007565397
335.94731945917374        45.90979940965038
336.3372216034855         45.90241874364681
336.72712374779724        45.895038077643235
337.11702589210904        45.802644427068266
337.5069280364207         45.71025077649329
337.89683018073237        45.617857125918306
338.2867323250441         45.52546347534333
338.67663446935586        45.34461761824104
339.06653661366767        45.16377176113875
339.45643875797936        44.982925904036456
339.84634090229116        44.802080046934165
340.2362430466029         44.205980914865854
340.6261451909146         43.609881782797544
341.01604733522635        43.01378265072924
341.40594947953804        42.41768351866093
341.7958516238498         40.56759526275665
342.18575376816153        38.71750700685237
342.5756559124733         36.86741875094809
342.965558056785          35.0173304950438
343.3554602010968         31.39820645907452
343.7453623454084         27.77908242310523
344.13526448972016        24.159958387135948
344.52516663403185        20.540834351166662
