% Model:              Japan_mu008_1E13_lsw0.mph
% Version:            COMSOL 5.5.0.359
% Date:               May 21 2024, 18:39
% Dimension:          1
% Nodes:              1725
% Expressions:        1
% Description:        Line graph
% X                       Height
-64.37788839788882        1623.1500000000003
-64.34111627304117        1623.1500000000003
-64.30434134596025        1623.1500000000003
-64.2675636166461         1623.1500000000003
-64.23078308509866        1623.1500000000003
-64.19400139827886        1623.1500000000003
-64.15721693492165        1623.1500000000003
-64.12042969502706        1623.1500000000003
-64.08363967859508        1623.1500000000003
-64.046848498566          1623.1500000000003
-64.01005456770463        1623.1500000000003
-63.97325788601097        1623.1500000000003
-63.93645845348502        1623.1500000000003
-63.89965784903123        1623.1500000000003
-63.86285451945943        1623.1500000000003
-63.826048464769656       1623.1500000000003
-63.7892396849619         1623.1500000000003
-63.75242972488912        1623.1500000000003
-63.71561706542173        1623.1500000000003
-63.678801706559746       1623.1500000000003
-63.641983648303146       1623.1500000000003
-63.60516440143748        1623.1500000000003
-63.568342480909656       1623.1500000000003
-63.531517886719676       1623.1500000000003
-63.49469061886754        1623.1500000000003
-63.457862154054986       1623.1500000000003
-63.421031041321676       1623.1500000000003
-63.38419728066761        1623.1500000000003
-63.34736087209275        1623.1500000000003
-63.31052325819843        1623.1500000000003
-63.27368302213366        1623.1500000000003
-63.23684016389842        1623.1500000000003
-63.19999468349273        1623.1500000000003
-63.16314798940037        1623.1500000000003
-63.12629869889664        1623.1500000000003
-63.08944681198155        1623.1500000000003
-63.052592328655095       1623.1500000000003
-63.01573662326625        1623.1500000000003
-62.9788783472339         1623.1500000000003
-62.94201750055805        1623.1500000000003
-62.905154083238685       1623.1500000000003
-62.86828943547216        1623.1500000000003
-62.83142224283867        1623.1500000000003
-62.794552505338245       1623.1500000000003
-62.757680222970855       1623.1500000000003
-62.720806701762115       1623.1500000000003
-62.68393066147156        1623.1500000000003
-62.64705210209918        1623.1500000000003
-62.61017102364499        1623.1500000000003
-62.573288697945436       1623.1500000000003
-62.53640387895773        1623.1500000000003
-62.499516566681855       1623.1500000000003
-62.46262676111783        1623.1500000000003
-62.425735699894176       1623.1500000000003
-62.388842171184486       1623.1500000000003
-62.351946174988775       1623.1500000000003
-62.31504771130701        1623.1500000000003
-62.27814798354063        1623.1500000000003
-62.241245814098725       1623.1500000000003
-62.2043412029813         1623.1500000000003
-62.16743415018835        1623.1500000000003
-62.13052582487466        1623.1500000000003
-62.093615083704265       1623.1500000000003
-62.05670192667717        1623.1500000000003
-62.01978635379335        1623.1500000000003
-61.982869499941124       1623.1500000000003
-61.94595025605926        1623.1500000000003
-61.909028622147744       1623.1500000000003
-61.872104598206576       1623.1500000000003
-61.83517928483733        1623.1500000000003
-61.798251607273656       1623.1500000000003
-61.761321565515566       1623.1500000000003
-61.72438915956305        1623.1500000000003
-61.68745545571037        1623.1500000000003
-61.65051941350657        1623.1500000000003
-61.61358103295165        1623.1500000000003
-61.57664031404562        1623.1500000000003
-61.539698288765436       1623.1500000000003
-61.50275395098546        1623.1500000000003
-61.4658073007057         1623.1500000000003
-61.428858337926115       1623.1500000000003
-61.39190806032033        1623.1500000000003
-61.35495549607405        1623.1500000000003
-61.31800064518726        1623.1500000000003
-61.281043507659966       1623.1500000000003
-61.24408504681019        1623.1500000000003
-61.20712432518707        1623.1500000000003
-61.17016134279059        1623.1500000000003
-61.133196099620775       1623.1500000000003
-61.09622952462356        1623.1500000000003
-61.059260714727934       1623.1500000000003
-61.02228966993393        1623.1500000000003
-60.98531639024153        1623.1500000000003
-60.94834177021227        1623.1500000000003
-60.9113649411673         1623.1500000000003
-60.87438590310663        1623.1500000000003
-60.83740465603026        1623.1500000000003
-60.8004220601026         1623.1500000000003
-60.763437281049576       1623.1500000000003
-60.7264503188712         1623.1500000000003
-60.68946117356746        1623.1500000000003
-60.65247067089265        1623.1500000000003
-60.615478010990394       1623.1500000000003
-60.5784831938607         1623.1500000000003
-60.54148621950355        1623.1500000000003
-60.50448787924973        1623.1500000000003
-60.46748740767391        1623.1500000000003
-60.43048480477608        1623.1500000000003
-60.39348007055626        1623.1500000000003
-60.3564739619079         1623.1500000000003
-60.3194657478504         1623.1500000000003
-60.28245542838379        1623.1500000000003
-60.24544300350806        1623.1500000000003
-60.208429195665275       1623.1500000000003
-60.171413308333605       1623.1500000000003
-60.134395341513056       1623.1500000000003
-60.09737529520362        1623.1500000000003
-60.060353857381536       1623.1500000000003
-60.02333036599809        1623.1500000000003
-59.98630482105329        1623.1500000000003
-59.94927722254715        1623.1500000000003
-59.91224822397525        1623.1500000000003
-59.87521719777674        1623.1500000000003
-59.838184143951636       1623.1500000000003
-59.80114906249992        1623.1500000000003
-59.764112572421375       1623.1500000000003
-59.727074080658134       1623.1500000000003
-59.690033587210166       1623.1500000000003
-59.65299109207751        1623.1500000000003
-59.61594717974856        1623.1500000000003
-59.5789012916839         1623.1500000000003
-59.54185342788351        1623.1500000000003
-59.50480358834739        1623.1500000000003
-59.467752323036706       1623.1500000000003
-59.43069910794629        1623.1500000000003
-59.39364394307613        1623.1500000000003
-59.35658682842621        1623.1500000000003
-59.31952827941422        1623.1500000000003
-59.282467806585394       1623.1500000000003
-59.245405409939735       1623.1500000000003
-59.20834108947723        1623.1500000000003
-59.17127532605548        1623.1500000000003
-59.13420766478665        1623.1500000000003
-59.097138105670744       1623.1500000000003
-59.06006664870775        1623.1500000000003
-59.02299374017824        1623.1500000000003
-58.98591895977818        1623.1500000000003
-58.9488423075076         1623.1500000000003
-58.911763783366474       1623.1500000000003
-58.874683799041016       1623.1500000000003
-58.83760196882826        1623.1500000000003
-58.80051829272822        1623.1500000000003
-58.7634327707409         1623.1500000000003
-58.72634577994169        1623.1500000000003
-58.68925696924507        1623.1500000000003
-58.65216633865106        1623.1500000000003
-58.61507388815963        1623.1500000000003
-58.57797996025625        1623.1500000000003
-58.540884238451916       1623.1500000000003
-58.503786722746625       1623.1500000000003
-58.466687413140384       1623.1500000000003
-58.429586617496255       1623.1500000000003
-58.39248405395411        1623.1500000000003
-58.35537972251394        1623.1500000000003
-58.318273623175735       1623.1500000000003
-58.281166029152565       1623.1500000000003
-58.24405669324073        1623.1500000000003
-58.20694561544023        1623.1500000000003
-58.16983279575106        1623.1500000000003
-58.13271847272723        1623.1500000000003
-58.09560243383043        1623.1500000000003
-58.05848467906067        1623.1500000000003
-58.02136520841795        1623.1500000000003
-57.98424422578779        1622.7879174287077
-57.947121553306644       1621.934803356102
-57.9099971909745         1621.0816504491247
-57.87287113879136        1620.2284587077756
-57.83574356596458        1619.3752320205995
-57.79861432931497        1618.5219670972033
-57.76148342884255        1617.668663937588
-57.724350864547304       1616.8153225417523
-57.687216770948275       1615.9619460010717
-57.650081039560725       1615.1085318224639
-57.612943670384645       1614.2550800059291
-57.575804663420044       1613.4015905514675
-57.538664118487226       1612.5480657530436
-57.50152196180624        1611.6945039151246
-57.464378193377065       1610.84090503771
-57.42723281319972        1609.9872691208006
-57.39008588638496        1609.1335976607024
-57.352937373868336       1608.279889759678
-57.31578727564985        1607.4261454177276
-57.27863559172954        1606.5723646348513
-57.241482352497435       1605.7185481094414
-57.20432755361569        1604.8646957418096
-57.16717119508432        1604.0108075319565
-57.13001327690333        1603.156883479882
-57.09285379473054        1602.302923485799
-57.05569277896621        1601.4489282483346
-57.01853022961033        1600.5948977674873
-56.9813661466629         1599.7408320432583
-56.94420049103762        1598.8867285803076
-56.90703332788462        1598.0325883213693
-56.86986465720388        1597.178413417868
-56.832694478995414       1596.3242038698033
-56.79552271941659        1595.469957980195
-56.758349478379536       1594.615678045128
-56.72117475588427        1593.7613640646032
-56.683998551930785       1592.9070160386195
-56.64682075790751        1592.0526314711701
-56.60964150850116        1591.1982134574966
-56.57246080371173        1590.3437619975984
-56.535278643539215       1589.4892770914757
-56.49809488459011        1588.6347554437962
-56.46090969633859        1587.780200949253
-56.42372307878467        1586.9256136078461
-56.38653503192833        1586.070993419576
-56.34934537758087        1585.2163362894798
-56.31215432001713        1584.3616469120068
-56.274961859237116       1583.506925287157
-56.23776799524082        1582.6521714149303
-56.20057251503067        1581.7973804004196
-56.16337565769576        1580.942557738143
-56.12617742323611        1580.0877034280998
-56.088977811651695       1579.2328174702902
-56.05177657512204        1578.3778941695407
-56.01457398756449        1577.5229398207575
-55.97737004897904        1576.6679544239414
-55.94016475936569        1575.812937979092
-55.90295783606663        1574.9578839904373
-55.86574958784179        1574.102799553603
-55.82854001469114        1573.2476846685888
-55.79132911661469        1572.3925311741068
-55.7541165761216         1571.5373390539164
-55.71690273681           1570.6821170852031
-55.67968759867986        1569.8268652679672
-55.64247116173121        1568.9715836022083
-55.60525307364925        1568.1162639912786
-55.568033712861144       1567.2609151319225
-55.5308130793669         1566.4055370241394
-55.493591173166514       1565.55012966793
-55.456367607076935       1564.6946841653282
-55.41914279439862        1563.839210014511
-55.38191673513152        1562.9837072154783
-55.344689429275675       1562.1281757682302
-55.307460454772816       1561.2726059733236
-55.27023025980357        1560.4170081305276
-55.232998844367934       1559.5613822398414
-55.19576620846591        1558.7057283012655
-55.15853189515791        1557.8500358137392
-55.12129638751075        1556.9943158787605
-55.08405968552446        1556.1385684963298
-55.04682178919902        1555.282793666447
-55.00958220670709        1554.4269800862858
-54.97234145600805        1553.5711396592203
-54.93509953710192        1552.715272385251
-54.89785644998869        1551.8593782643773
-54.860611667946486       1551.0034451918527
-54.82336574383396        1550.1474858730805
-54.78611867765113        1549.2915003080616
-54.74887046939799        1548.4354884967956
-54.71162055745096        1547.5794375324494
-54.674369529575074       1546.7233609226203
-54.63711738577032        1545.867258667308
-54.5998641260367         1545.011130766513
-54.56260915384146        1544.1549541225727
-54.52535309186337        1543.2987465565047
-54.48809594010246        1542.4425139453772
-54.450837698558715       1541.5862562891894
-54.413577735782326       1540.7299590761527
-54.37631670937366        1539.8736374190403
-54.33905461933272        1539.0172913178521
-54.301791465659505       1538.1609207725883
-54.26452658197892        1537.3045104688174
-54.22726066082106        1536.448076322057
-54.189993702185916       1535.5916183323072
-54.15272570607349        1534.7351364995677
-54.11545597117483        1533.878614706568
-54.07818522495825        1533.0220696717652
-54.040913467423756       1532.1655013951593
-54.00364069857136        1531.3089098767512
-53.96636618214928        1530.4522781962241
-53.929090680572955       1529.5956238751794
-53.89181419384238        1528.7389469136176
-53.854536721957565       1527.8822473115383
-53.81725749371463        1527.0255073453673
-53.779977306485335       1526.1687453400612
-53.74269616026967        1525.3119612956198
-53.70541405506764        1524.4551552120438
-53.668130184713654       1523.5983085622784
-53.63084538154532        1522.7414404748552
-53.59355964556266        1521.8845509497746
-53.556272976765655       1521.0276399870368
-53.51898453401699        1520.1706882558774
-53.48169518463007        1519.3137156886316
-53.444404928604925       1518.4567222852997
-53.407113765941546       1517.599708045882
-53.369820820520474       1516.7426528356652
-53.332526994641285       1515.8855773910257
-53.29523228830397        1515.0284817119637
-53.25793670150854        1514.1713657984787
-53.22063932314265        1513.314194154073
-53.18334109050268        1512.4569951240755
-53.14604200358862        1511.5997764608983
-53.10874206240048        1510.7425381645412
-53.07144032082194        1509.8852584910783
-53.03413775115724        1509.027959786294
-52.99683435340636        1508.1706420501882
-52.959530127569316       1507.3133052827607
-52.92222409251893        1506.4559269354563
-52.88491725557405        1505.5985301587752
-52.84760961673468        1504.7411149527172
-52.81030117600082        1503.8836813172827
-52.772990917263584       1503.026205899956
-52.73567988282724        1502.168712655283
-52.69836807269181        1501.3112015832635
-52.66105548685726        1500.4536726838971
-52.62374107419541        1499.5961017998447
-52.58642591203348        1498.7385136905593
-52.54911000037147        1497.8809083560413
-52.511793339209376       1497.0232857962903
-52.47447484238627        1496.1656210488343
-52.437155622265664       1495.3079396783407
-52.39983567884758        1494.4502416848104
-52.362515012132          1493.5925270682428
-52.325192500922434       1492.734770060968
-52.28786929262147        1491.8769970329326
-52.25054538722909        1491.0192079841354
-52.213220784745296       1490.161402914577
-52.175894328934966       1489.3035552513188
-52.13856720224272        1488.445692169654
-52.10123940466855        1487.5878136695824
-52.06391093621246        1486.7299197511034
-52.026580605597225       1485.8719830359314
-51.9892496303129         1485.0140315047834
-51.95191801035947        1484.1560651576592
-51.91458574573696        1483.2980839945592
-51.87725161012215        1482.44005983176
-51.83991685605436        1481.5820114389385
-51.80258148353357        1480.7239297604535
-51.7652454925598         1479.8658338680166
-51.727907621759684       1479.0076947713897
-51.69056915872588        1478.149542063411
-51.6532301034584         1477.291375744081
-51.61589045595723        1476.4331958133998
-51.57854891979428        1475.5749724754626
-51.541206817620065       1474.7167361288457
-51.503864149434605       1473.8584867735499
-51.46652091523787        1473.0002244095745
-51.42917578354214        1472.1419184352364
-51.3918301120606         1471.2836000549607
-51.3544839007933         1470.425269268748
-51.3171371497402         1469.5669260765976
-51.27978849234866        1468.7085390709271
-51.24243932139978        1467.85014026213
-51.20508963689356        1466.9917296502058
-51.16773943883           1466.1333072351547
-51.13038732558585        1465.2748408033635
-51.093034725015734       1464.416363171323
-51.055681637119626       1463.5578743390327
-51.018328061897535       1462.6993743064925
-50.9809725626497         1461.8408300539236
-50.94361660231004        1460.9822752040468
-50.90626018087857        1460.1237097568624
-50.868903298355285       1459.2651337123696
-50.83154448295753        1458.4065132444775
-50.79418523270489        1457.5478827822828
-50.75682554759738        1456.689242325786
-50.719465427634994       1455.8305918749868
-50.68210336594543        1454.9718967973254
-50.644740895640616       1454.1131923284292
-50.60737801672054        1453.2544784682975
-50.57001472918521        1452.3957552169309
-50.53264949106562        1451.5369871351388
-50.495283870573004       1450.6782102652392
-50.457917867707344       1449.81942234994
-50.42055148246865        1448.9605925276041
-50.38318313778385        1448.1017176693158
-50.345814436970755       1447.2428346257668
-50.308445380029355       1446.383943396957
-50.271075966959664       1445.525043982887
-50.23370458557671        1444.6660993290611
-50.19633287431268        1443.8071470932414
-50.158960833167576       1442.9481872754282
-50.12158846214141        1442.089219875621
-50.08421411392911        1441.230207032124
-50.046839462085345       1440.3711872099552
-50.009464506610115       1439.5121604091137
-49.97208924750342        1438.6531266296001
-49.93466635121439        1437.7929979560372
-49.89724345492535        1436.9328692824743
-49.85982055863632        1436.072740608911
-49.82239766234729        1435.2126119353481
-49.784974766058255       1434.352483261785
-49.74755186976922        1433.492354588222
-49.71012897348018        1432.6322259146589
-49.672706077191144       1431.7720972410957
-49.63528318090211        1430.9119685675328
-49.59786028461307        1430.0518398939694
-49.560437388324026       1429.1917112204062
-49.523014492034996       1428.3315825468433
-49.48559159574595        1427.47145387328
-49.44816869945692        1426.611325199717
-49.41074580316789        1425.751196526154
-49.37332290687885        1424.8910678525906
-49.33590001058982        1424.0309391790279
-49.29847711430077        1423.1708105054645
-49.261054218011736       1422.3106818319013
-49.2236313217227         1421.4505531583382
-49.18620842543367        1420.5904244847754
-49.148785529144625       1419.7302958112123
-49.11136263285559        1418.8701671376489
-49.07393973656655        1418.010038464086
-49.03651684027751        1417.1498750587734
-48.99909394398848        1416.2897048782966
-48.96167104769943        1415.4295346978192
-48.9242481514104         1414.5693645173424
-48.886825255121366       1413.709194336865
-48.849402358832336       1412.8490241563882
-48.81197946254329        1411.9888539759113
-48.77455656625426        1411.1286837954342
-48.73713366996522        1410.2685136149569
-48.69971077367618        1409.4083434344798
-48.66228787738715        1408.548173254003
-48.624864981098106       1407.6880030735258
-48.58744208480907        1406.8278328930487
-48.55001918852003        1405.9676627125716
-48.51259629223099        1405.1074925320943
-48.47517339594195        1404.2473223516172
-48.437750499652914       1403.38715217114
-48.400327603363884       1402.5269819906632
-48.36290470707485        1401.6668118101861
-48.32548181078581        1400.806641629709
-48.28805891449677        1399.9464714492321
-48.250636018207736       1399.086301268755
-48.21321312191869        1398.2261310882777
-48.17579022562966        1397.3659609078009
-48.13836732934062        1396.5057907273238
-48.10094443305159        1395.645620546847
-48.06352153676256        1394.78545036637
-48.02609864047351        1393.925280185893
-47.988675744184484       1393.065110005416
-47.95125284789544        1392.2049398249387
-47.9138299516064         1391.3447696444616
-47.876407055317365       1390.4845994639845
-47.838984159028335       1389.6244292835077
-47.80156126273929        1388.7642591030303
-47.764138366450254       1387.9040889225532
-47.72671547016122        1387.0439187420764
-47.68929257387217        1386.183748561599
-47.65186967758314        1385.3235486574322
-47.6144467812941         1384.4633311240877
-47.57702388500507        1383.6031135907435
-47.53960098871603        1382.7428960573993
-47.502178092427          1381.8826785240549
-47.46475519613796        1381.0224609907107
-47.42733229984893        1380.1622434573662
-47.389909403559884       1379.3020259240218
-47.35248650727085        1378.4418083906776
-47.315063610981824       1377.5815908573336
-47.27764071469278        1376.721373323989
-47.24021781840375        1375.8611557906447
-47.2027949221147         1375.0009382573
-47.16537202582567        1374.1407207239558
-47.127949129536624       1373.2805031906114
-47.09052623324759        1372.420285657267
-47.05310333695855        1371.5600681239225
-47.01568044066951        1370.6998505905783
-46.978257544380476       1369.839633057234
-46.94083464809144        1368.9794155238897
-46.9034117518024         1368.1191979905452
-46.86598885551336        1367.2589804572008
-46.82856595922433        1366.3987629238568
-46.791143062935284       1365.5385453905124
-46.753720166646254       1364.678327857168
-46.716297270357224       1363.8181103238237
-46.67887437406818        1362.9578927904795
-46.64145147777915        1362.097675257135
-46.604028581490105       1361.2374577237906
-46.56660568520107        1360.3772401904462
-46.52918278891203        1359.517022657102
-46.491759892623          1358.6568051237577
-46.45433699633396        1357.7965875904133
-46.41691410004492        1356.9363700570689
-46.37949120375588        1356.0761525237247
-46.34206830746684        1355.21593499038
-46.304645411177816       1354.355717457036
-46.26722251488878        1353.4954777630214
-46.22979961859974        1352.6352072950529
-46.192376722310705       1351.774936827084
-46.15495382602167        1350.9146663591155
-46.117530929732624       1350.0543958911467
-46.080108033443594       1349.194125423178
-46.04268513715455        1348.3338549552093
-46.00526224086552        1347.473584487241
-45.96783934457648        1346.6133140192721
-45.93041644828744        1345.7530435513033
-45.89299355199841        1344.8927730833348
-45.855570655709364       1344.032502615366
-45.81814775942033        1343.1722321473974
-45.78072486313129        1342.3119616794288
-45.74330196684225        1341.45169121146
-45.705879070553216       1340.5914207434914
-45.668456174264186       1339.731150275523
-45.63103327797514        1338.870879807554
-45.593610381686105       1338.0106093395855
-45.55618748539707        1337.150338871617
-45.518764589108024       1336.2900684036479
-45.481341692818994       1335.4297979356795
-45.44391879652995        1334.5695274677105
-45.40649590024092        1333.7092569997421
-45.36907300395189        1332.8489865317736
-45.33165010766285        1331.988716063805
-45.294227211373816       1331.1284455958364
-45.25680431508478        1330.2681751278676
-45.21938141879575        1329.4079046598993
-45.181958522506704       1328.5476341919302
-45.14453562621767        1327.6873637239617
-45.10711272992863        1326.827093255993
-45.069689833639586       1325.9668227880243
-45.03226693735055        1325.1065523200555
-44.99484404106151        1324.246281852087
-44.95742114477248        1323.3860113841183
-44.919998248483445       1322.5257409161497
-44.88257535219441        1321.6654582463132
-44.845152455905364       1320.8051295572895
-44.807729559616334       1319.9448008682664
-44.77030666332729        1319.0844721792428
-44.73288376703825        1318.2241434902196
-44.695460870749216       1317.3638148011962
-44.658037974460186       1316.5034861121733
-44.62061507817115        1315.64315742315
-44.583192181882104       1314.7828287341263
-44.545769285593074       1313.922500045103
-44.50834638930403        1313.0621713560795
-44.47092349301499        1312.2018426670563
-44.433500596725956       1311.341513978033
-44.39607770043692        1310.4811852890095
-44.35865480414788        1309.6208565999864
-44.32123190785885        1308.760527910963
-44.28380901156981        1307.9001992219396
-44.24638611528077        1307.039870532916
-44.208963218991734       1306.179541843893
-44.1715403227027         1305.3192131548694
-44.13411742641367        1304.4588844658463
-44.09669453012463        1303.598555776823
-44.05927163383559        1302.7382270877997
-44.021848737546556       1301.8778983987763
-43.98442584125752        1301.017569709753
-43.94700294496848        1300.1572410207298
-43.90958004867944        1299.2969123317064
-43.8721571523904         1298.4365836426828
-43.83473425610136        1297.5762549536596
-43.79731135981233        1296.7159262646364
-43.75988846352329        1295.855597575613
-43.72246556723425        1294.9952688865897
-43.685042670945215       1294.1349401975663
-43.647619774656185       1293.2746115085433
-43.61019687836714        1292.4142828195197
-43.5727739820781         1291.553954130496
-43.53535108578907        1290.6936254414732
-43.49792818950002        1289.8332967199553
-43.460505293210986       1288.9729048482081
-43.42308239692195        1288.112512976461
-43.38565950063291        1287.2521211047138
-43.348236604343874       1286.3917292329666
-43.31081370805484        1285.5313373612194
-43.2733908117658         1284.6709454894722
-43.23596791547676        1283.8105536177247
-43.19854501918773        1282.9501617459778
-43.161122122898696       1282.0897698742306
-43.12369922660966        1281.2293780024834
-43.08627633032062        1280.3689861307362
-43.048853434031585       1279.508594258989
-43.01143053774255        1278.6482023872418
-42.97400764145351        1277.7878105154944
-42.93658474516447        1276.927418643747
-42.89916184887543        1276.0670267719997
-42.86173895258639        1275.2066349002525
-42.82431605629735        1274.3462430285053
-42.78689316000832        1273.4858511567581
-42.74947026371928        1272.625459285011
-42.71204736743025        1271.765067413264
-42.674624471141215       1270.9046755415168
-42.63720157485218        1270.0442836697694
-42.59977867856314        1269.1838917980224
-42.562355782274096       1268.323499926275
-42.524932885985066       1267.463108054528
-42.48750998969603        1266.6027161827808
-42.45008709340699        1265.7423243110334
-42.41266419711795        1264.8819324392862
-42.37524130082892        1264.0215405675392
-42.337818404539874       1263.1611486957918
-42.300395508250844       1262.3007568240446
-42.2629726119618         1261.4403649522974
-42.225549715672756       1260.57997308055
-42.188126819383726       1259.719581208803
-42.15070392309468        1258.8591893370556
-42.11328102680565        1257.9987974653086
-42.075858130516615       1257.1383519395388
-42.03843523422758        1256.2778922757625
-42.00101233793854        1255.417432611986
-41.9635894416495         1254.5569729482097
-41.926166545360466       1253.6965132844334
-41.88874364907143        1252.836053620657
-41.8513207527824         1251.9755939568806
-41.813897856493355       1251.1151342931043
-41.77647496020432        1250.2546746293278
-41.73905206391528        1249.3942149655516
-41.701629167626244       1248.5337553017753
-41.6642062713372         1247.6732956379988
-41.62678337504817        1246.8128359742225
-41.589360478759126       1245.9523763104457
-41.55193758247008        1245.0919166466692
-41.51451468618105        1244.2314569828932
-41.477091789892015       1243.3709973191167
-41.439668893602985       1242.5105376553408
-41.40224599731395        1241.650077991564
-41.36482310102492        1240.789618327788
-41.32740020473588        1239.9291586640118
-41.28997730844684        1239.0686990002353
-41.25255441215781        1238.208239336459
-41.21513151586876        1237.3477796726825
-41.177708619579725       1236.4873200089062
-41.14028572329069        1235.6268603451297
-41.10286282700165        1234.7664006813534
-41.065439930712614       1233.905941017577
-41.02801703442358        1233.0454813538006
-40.99059413813453        1232.185021690024
-40.9531712418455         1231.3245620262478
-40.915748345556466       1230.4641023624713
-40.87832544926742        1229.6036426986948
-40.84090255297839        1228.7431830349187
-40.80347965668935        1227.8827233711422
-40.76605676040032        1227.0222637073657
-40.72863386411128        1226.1618040435894
-40.691210967822244       1225.3013024343982
-40.65378807153321        1224.440770747271
-40.61636517524417        1223.5802390601439
-40.578942278955125       1222.7197073730165
-40.54151938266609        1221.8591756858893
-40.50409648637705        1220.9986439987624
-40.466673590088014       1220.138112311635
-40.429250693798984       1219.2775806245081
-40.39182779750994        1218.4170489373807
-40.35440490122091        1217.5565172502538
-40.316982004931866       1216.6959855631267
-40.27955910864283        1215.8354538759995
-40.24213621235379        1214.9749221888724
-40.20471331606475        1214.1143905017448
-40.16729041977572        1213.253858814618
-40.12986752348668        1212.393327127491
-40.092444627197644       1211.5327954403638
-40.05502173090861        1210.6722637532366
-40.01759883461957        1209.8117320661092
-39.980175938330525       1208.951200378982
-39.942753042041495       1208.0906686918552
-39.90533014575245        1207.230137004728
-39.867907249463414       1206.3696053176009
-39.830484353174384       1205.5090736304737
-39.79306145688535        1204.6485419433466
-39.75563856059632        1203.7880102562196
-39.71821566430727        1202.9274785690923
-39.680792768018236       1202.0669468819651
-39.6433698717292         1201.2064151948382
-39.60594697544016        1200.345883507711
-39.56852407915112        1199.4853518205837
-39.53110118286208        1198.6248201334565
-39.493678286573044       1197.7642884463294
-39.45625539028401        1196.9037567592022
-39.41883249399497        1196.043225072075
-39.38140959770593        1195.182693384948
-39.3439867014169         1194.3221616978212
-39.306563805127865       1193.4616016930013
-39.26914090883883        1192.6009941526804
-39.231718012549784       1191.7403866123593
-39.19429511626075        1190.8797790720384
-39.15687221997172        1190.0191715317176
-39.11944932368268        1189.1585639913967
-39.08202642739365        1188.2979564510758
-39.044603531104606       1187.4373489107547
-39.00718063481557        1186.5767413704336
-38.96975773852653        1185.7161338301128
-38.932334842237495       1184.855526289792
-38.89491194594845        1183.9949187494708
-38.857489049659414       1183.1343112091497
-38.820066153370384       1182.273703668829
-38.78264325708135        1181.4130961285082
-38.74522036079231        1180.5524885881873
-38.70779746450327        1179.691881047866
-38.670374568214235       1178.8312735075451
-38.6329516719252         1177.9706659672242
-38.59552877563617        1177.1100584269034
-38.558105879347124       1176.2494508865823
-38.52068298305808        1175.3888433462612
-38.48326008676905        1174.5282358059403
-38.445837190480006       1173.6676282656192
-38.408414294190976       1172.8070207252986
-38.37099139790193        1171.9464131849775
-38.3335685016129         1171.0858056446566
-38.296145605323865       1170.2251981043355
-38.258722709034835       1169.3645905640149
-38.22129981274579        1168.5039830236938
-38.18387691645675        1167.6433754833724
-38.14645402016772        1166.7827679430518
-38.10903112387868        1165.9221604027307
-38.07160822758964        1165.0615528624098
-38.0341853313006         1164.2009453220887
-37.99676243501157        1163.3403377817679
-37.95933953872253        1162.479730241447
-37.9219166424335         1161.6191096819557
-37.88449374614446        1160.7584228813162
-37.84707084985543        1159.897736080677
-37.80964795356638        1159.0370492800375
-37.772225057277346       1158.1763624793982
-37.734802160988316       1157.315675678759
-37.69737926469928        1156.4549888781196
-37.65995636841024        1155.5943020774803
-37.6225334721212         1154.7336152768407
-37.58511057583217        1153.8729284762017
-37.547687679543124       1153.012241675562
-37.51026478325409        1152.1515548749228
-37.47284188696505        1151.2908680742835
-37.43541899067601        1150.4301812736444
-37.397996094386976       1149.5694944730049
-37.36057319809794        1148.7088076723655
-37.3231503018089         1147.8481208717262
-37.285727405519864       1146.987434071087
-37.248304509230834       1146.1267472704478
-37.2108816129418         1145.2660604698085
-37.17345871665277        1144.4053736691694
-37.13603582036372        1143.5446868685299
-37.098612924074686       1142.6840000678903
-37.06119002778565        1141.8233132672513
-37.02376713149661        1140.9626264666117
-36.98634423520758        1140.1019396659726
-36.94892133891854        1139.241252865333
-36.91149844262951        1138.380566064694
-36.874075546340464       1137.5198792640545
-36.83665265005143        1136.6591924634151
-36.79922975376239        1135.7985056627758
-36.761806857473346       1134.9378188621363
-36.724383961184316       1134.0771320614972
-36.68696106489528        1133.2164452608577
-36.64953816860624        1132.3557584602186
-36.612115272317205       1131.495071659579
-36.57469237602817        1130.6343848589397
-36.53726947973913        1129.7736980583004
-36.4998465834501         1128.9129327159849
-36.46242368716106        1128.0521636894896
-36.42500079087202        1127.191394662994
-36.38757789458298        1126.3306256364986
-36.350154998293945       1125.4698566100033
-36.312732102004915       1124.609087583508
-36.27530920571588        1123.7483185570125
-36.23788630942685        1122.8875495305174
-36.200463413137804       1122.0267805040216
-36.16304051684877        1121.1660114775264
-36.12561762055973        1120.3052424510308
-36.088194724270686       1119.4444734245353
-36.05077182798165        1118.5837043980398
-36.01334893169261        1117.7229353715443
-35.97592603540358        1116.8621663450492
-35.938503139114545       1116.0013973185537
-35.90108024282551        1115.1406282920582
-35.86365734653647        1114.279859265563
-35.82623445024743        1113.4190902390674
-35.788811553958396       1112.558321212572
-35.75138865766936        1111.6975521860766
-35.71396576138032        1110.836783159581
-35.67654286509128        1109.9760141330858
-35.63911996880225        1109.1152451065905
-35.601697072513204       1108.2544760800947
-35.564274176224174       1107.3937070535994
-35.52685127993513        1106.532938027104
-35.4894283836461         1105.6721690006086
-35.45200548735706        1104.8113999741133
-35.41458259106803        1103.950630947618
-35.37715969477899        1103.0898619211225
-35.339736798489945       1102.2290928946268
-35.302313902200915       1101.3683238681315
-35.26489100591188        1100.5075548416362
-35.22746810962284        1099.6467858151407
-35.190045213333796       1098.7860167886452
-35.15262231704477        1097.9252477621499
-35.11519942075573        1097.064415513478
-35.0777765244667         1096.203561753569
-35.040353628177655       1095.3427079936596
-35.00293073188862        1094.4818542337503
-34.96550783559958        1093.6210004738411
-34.928084939310544       1092.760146713932
-34.890662043021514       1091.899292954023
-34.85323914673248        1091.0384391941136
-34.81581625044344        1090.1775854342045
-34.778393354154396       1089.3167316742952
-34.740970457865366       1088.4558779143863
-34.70354756157632        1087.595024154477
-34.66612466528728        1086.7341703945676
-34.62870176899825        1085.8733166346587
-34.59127887270921        1085.0124628747494
-34.553855976420174       1084.1516091148403
-34.51643308013114        1083.2907553549312
-34.47901018384211        1082.429901595022
-34.44158728755307        1081.569047835113
-34.40416439126404        1080.708194075204
-34.366741494974995       1079.8473403152946
-34.32931859868596        1078.9864865553855
-34.29189570239692        1078.1256327954763
-34.25447280610788        1077.2647790355668
-34.21704990981885        1076.403925275658
-34.17962701352981        1075.5430715157488
-34.14220411724078        1074.68221775584
-34.104781220951736       1073.8213639959306
-34.067358324662706       1072.9605102360215
-34.02993542837366        1072.099656476112
-33.99251253208462        1071.2388027162028
-33.95508963579559        1070.3779489562937
-33.917666739506544       1069.5170951963844
-33.880243843217514       1068.6562414364753
-33.84282094692848        1067.7953876765662
-33.80539805063944        1066.9345339166568
-33.7679751543504         1066.0736801567477
-33.730552258061365       1065.2127797960347
-33.69312936177233        1064.3518392669635
-33.65570646548329        1063.4908987378922
-33.61828356919426        1062.629958208821
-33.58086067290522        1061.7690176797496
-33.54343777661618        1060.9080771506783
-33.50601488032714        1060.047136621607
-33.46859198403811        1059.1861960925362
-33.43116908774907        1058.3252555634647
-33.39374619146003        1057.4643150343934
-33.356323295170995       1056.603374505322
-33.31890039888196        1055.7424339762508
-33.28147750259292        1054.8814934471795
-33.24405460630388        1054.0205529181083
-33.20663171001485        1053.1596123890372
-33.16920881372581        1052.298671859966
-33.13178591743678        1051.4377313308948
-33.09436302114774        1050.5767908018236
-33.056940124858706       1049.7158502727523
-33.01951722856967        1048.854909743681
-32.982094332280624       1047.9939692146097
-32.94467143599159        1047.1330286855384
-32.90724853970255        1046.2720881564671
-32.86982564341351        1045.4111476273958
-32.832402747124476       1044.5502070983246
-32.794979850835446       1043.6892665692535
-32.7575569545464         1042.828326040182
-32.72013405825737        1041.967385511111
-32.682711161968335       1041.1064449820396
-32.64528826567929        1040.2455044529681
-32.60786536939026        1039.384563923897
-32.570442473101224       1038.5236233948258
-32.53301957681219        1037.6626828657545
-32.49559668052315        1036.8017423366832
-32.45817378423411        1035.9408018076122
-32.420750887945076       1035.0798612785409
-32.38332799165604        1034.2189207494696
-32.345905095367          1033.3579512505958
-32.308482199077964       1032.4969223996145
-32.27105930278893        1031.635893548633
-32.23363640649989        1030.7748646976515
-32.19621351021085        1029.9138358466703
-32.158790613921816       1029.0528069956888
-32.12136771763278        1028.1917781447073
-32.08394482134374        1027.3307492937258
-32.04652192505471        1026.4697204427446
-32.00909902876567        1025.608691591763
-31.971676132476635       1024.7476627407816
-31.934253236187594       1023.8866338898001
-31.89683033989856        1023.0256050388189
-31.859407443609523       1022.1645761878374
-31.821984547320486       1021.3035473368559
-31.784561651031446       1020.4425184858745
-31.74713875474241        1019.5814896348932
-31.70971585845337        1018.7204607839117
-31.672292962164335       1017.8594319329303
-31.634870065875297       1016.9984030819488
-31.59744716958626        1016.1373742309675
-31.560024273297223       1015.2763453799861
-31.522601377008186       1014.4153165290046
-31.485178480719153       1013.5542876780232
-31.447755584430116       1012.6932588270417
-31.41033268814108        1011.8322299760605
-31.37290979185204        1010.9712011250791
-31.335486895563005       1010.1101722740977
-31.298063999273968       1009.2491434231162
-31.26064110298493        1008.3881145721348
-31.223218206695893       1007.5270857211535
-31.18579531040686        1006.666056870172
-31.14837241411782        1005.8050280191906
-31.110949517828786       1004.9439991682093
-31.073526621539745       1004.0829703172278
-31.036103725250708       1003.2219414662463
-30.998680828961675       1002.3609126152651
-30.961257932672638       1001.4998731331872
-30.9238350363836         1000.6387548990408
-30.886412140094567       999.7776366648947
-30.84898924380553        998.9165184307484
-30.811566347516493       998.055400196602
-30.774143451227456       997.1942819624558
-30.736720554938415       996.3331637283093
-30.699297658649375       995.472045494163
-30.661874762360338       994.6109272600169
-30.6244518660713         993.7498090258705
-30.587028969782267       992.8886907917242
-30.54960607349323        992.027572557578
-30.512183177204193       991.1664543234317
-30.474760280915156       990.3053360892854
-30.43733738462612        989.4442178551391
-30.39991448833708        988.5830996209929
-30.362491592048045       987.7219813868467
-30.325068695759008       986.8608631527003
-30.287645799469974       985.999744918554
-30.250222903180937       985.1386266844078
-30.2128000068919         984.2775084502614
-30.175377110602867       983.4163902161154
-30.137954214313826       982.5552719819689
-30.100531318024792       981.6941537478226
-30.063108421735752       980.8330355136764
-30.025685525446715       979.9719172795301
-29.988262629157674       979.1107990453836
-29.95083973286864        978.2496808112375
-29.9134168365796         977.3885625770911
-29.875993940290567       976.5274443429448
-29.83857104400153        975.6663261087986
-29.801148147712492       974.8052078746523
-29.76372525142346        973.944089640506
-29.726302355134422       973.0829714063598
-29.68887945884538        972.2218531722133
-29.651456562556344       971.360734938067
-29.614033666267307       970.4996167039207
-29.57661076997827        969.6384984697744
-29.539187873689233       968.7772983949886
-29.501764977400196       967.9160902136674
-29.46434208111116        967.0548820323462
-29.426919184822125       966.193673851025
-29.38949628853309        965.3324656697038
-29.352073392244048       964.4712574883824
-29.314650495955014       963.6100493070612
-29.277227599665974       962.7488411257398
-29.23980470337694        961.8876329444187
-29.202381807087907       961.0264247630976
-29.164958910798866       960.1652165817762
-29.127536014509833       959.3040084004551
-29.090113118220792       958.4428002191338
-29.05269022193176        957.5815920378127
-29.015267325642718       956.7203838564914
-28.97784442935368        955.85917567517
-28.940421533064644       954.9979674938488
-28.902998636775607       954.1367593125277
-28.86557574048657        953.2755511312064
-28.828152844197533       952.4143429498852
-28.7907299479085         951.5531347685641
-28.753307051619462       950.6919265872427
-28.715884155330425       949.8307184059215
-28.678461259041384       948.9695102246001
-28.641038362752347       948.1083020432789
-28.603615466463314       947.2470938619578
-28.566192570174277       946.3858856806365
-28.52876967388524        945.5246774993153
-28.491346777596203       944.6634693179941
-28.453923881307166       943.8022611366729
-28.41650098501813        942.9410529553516
-28.37907808872909        942.0798447740303
-28.341655192440054       941.2186365927091
-28.304232296151014       940.3574284113878
-28.26680939986198        939.4962202300666
-28.229386503572943       938.6350120487454
-28.191963607283906       937.773803867424
-28.154540710994873       936.9125326054768
-28.117117814705836       936.0512344131959
-28.0796949184168         935.1899362209149
-28.04227202212776        934.328638028634
-28.004849125838724       933.467339836353
-27.967426229549684       932.6060416440721
-27.930003333260647       931.744743451791
-27.89258043697161        930.8834452595102
-27.855157540682573       930.0221470672291
-27.817734644393536       929.1608488749482
-27.7803117481045         928.2995506826674
-27.742888851815465       927.4382524903864
-27.70546595552643        926.5769542981054
-27.668043059237394       925.7156561058246
-27.630620162948354       924.8543579135435
-27.593197266659317       923.9930597212627
-27.55577437037028        923.1317615289817
-27.518351474081243       922.2704633367008
-27.480928577792206       921.4091651444198
-27.443505681503172       920.547866952139
-27.406082785214135       919.686568759858
-27.368659888925098       918.825270567577
-27.331236992636065       917.9639723752962
-27.29381409634702        917.1026741830151
-27.256391200057987       916.2413759907342
-27.21896830376895        915.3800777984532
-27.181545407479913       914.5187796061723
-27.144122511190872       913.6574814138913
-27.10669961490184        912.7961832216105
-27.069276718612798       911.9348850293294
-27.031853822323765       911.0735868370484
-26.994430926034724       910.2122886447676
-26.957008029745687       909.3509904524865
-26.91958513345665        908.4896922602056
-26.882162237167613       907.6283940679248
-26.84473934087858        906.7670958756438
-26.807316444589542       905.9057976833628
-26.769893548300505       905.0444554432206
-26.732470652011468       904.1830676766177
-26.69504775572243        903.3216799100148
-26.657624859433398       902.4602921434121
-26.620201963144357       901.5989043768091
-26.58277906685532        900.7375166102063
-26.545356170566286       899.8761288436034
-26.507933274277246       899.0147410770005
-26.470510377988212       898.1533533103977
-26.433087481699175       897.2919655437948
-26.395664585410138       896.4305777771921
-26.358241689121105       895.5691900105892
-26.320818792832068       894.7078022439864
-26.28339589654303        893.8464144773835
-26.245973000253986       892.9850267107804
-26.20855010396495        892.1236389441776
-26.171127207675912       891.2622511775749
-26.133704311386875       890.400863410972
-26.096281415097838       889.5394756443691
-26.058858518808805       888.6780878777663
-26.021435622519768       887.8167001111635
-25.98401272623073        886.9553123445605
-25.946589829941697       886.0939245779578
-25.909166933652656       885.2325368113547
-25.87174403736362        884.371149044752
-25.834321141074582       883.509761278149
-25.796898244785545       882.6483735115461
-25.759475348496508       881.7869857449432
-25.72205245220747        880.9255979783403
-25.684629555918438       880.0642102117376
-25.6472066596294         879.2028224451348
-25.609783763340367       878.3414346785321
-25.572360867051326       877.4800469119291
-25.534937970762293       876.6186591453262
-25.497515074473252       875.7572713787233
-25.46009217818421        874.8958836121203
-25.42266928189518        874.0344958455175
-25.385246385606138       873.1730830219776
-25.347823489317104       872.3116066155291
-25.31040059302807        871.4501302090805
-25.27297769673903        870.5886538026318
-25.235554800449993       869.727177396183
-25.198131904160952       868.8657009897344
-25.16070900787192        868.0042245832858
-25.123286111582882       867.1427481768371
-25.085863215293845       866.2812717703885
-25.048440319004808       865.4197953639398
-25.01101742271577        864.5583189574911
-24.973594526426734       863.6968425510424
-24.936171630137697       862.8353661445938
-24.898748733848663       861.9738897381451
-24.861325837559626       861.1124133316964
-24.82390294127059        860.2509369252477
-24.786480044981552       859.3894605187993
-24.749057148692515       858.5279841123504
-24.711634252403478       857.6665077059018
-24.67421135611444        856.805031299453
-24.636788459825404       855.9435548930045
-24.59936556353637        855.0820784865559
-24.561942667247333       854.2206020801073
-24.524519770958292       853.3591256736584
-24.48709687466926        852.4976492672099
-24.44967397838022        851.6361728607611
-24.412251082091178       850.7746964543124
-24.374828185802144       849.9132200478639
-24.337405289513107       849.0517436414151
-24.29998239322407        848.1902672349665
-24.262559496935037       847.3287908285179
-24.225136600646          846.4673144220692
-24.18771370435696        845.6058380156205
-24.150290808067922       844.7443616091718
-24.112867911778885       843.8828852027232
-24.075445015489848       843.0214087962745
-24.03802211920081        842.1599323898259
-24.000599222911777       841.2984495628906
-23.96317632662274        840.4368859435631
-23.925753430333703       839.5753223242357
-23.888330534044666       838.7137587049083
-23.850907637755626       837.8521950855807
-23.813484741466592       836.9906314662533
-23.776061845177555       836.1290678469259
-23.738638948888518       835.2675042275985
-23.70121605259948        834.4059406082711
-23.663793156310444       833.5443769889437
-23.626370260021407       832.6828133696163
-23.588947363732373       831.8212497502889
-23.551524467443336       830.9596861309615
-23.514101571154296       830.098122511634
-23.476678674865262       829.2365588923066
-23.439255778576225       828.3749952729792
-23.401832882287184       827.5134316536517
-23.364409985998147       826.6518680343243
-23.32698708970911        825.790304414997
-23.289564193420073       824.9287407956695
-23.252141297131036       824.067177176342
-23.214718400842003       823.2056135570147
-23.177295504552966       822.3440499376873
-23.139872608263925       821.4824863183599
-23.10244971197489        820.6209226990326
-23.065026815685854       819.7593590797051
-23.027603919396817       818.8977954603778
-22.99018102310778        818.0362318410503
-22.952758126818743       817.174668221723
-22.915335230529706       816.3131046023955
-22.87791233424067        815.4515409830681
-22.840489437951636       814.5899773637407
-22.803066541662595       813.7284137444133
-22.76564364537356        812.8668501250859
-22.728220749084524       812.0052865057585
-22.690797852795487       811.143722886431
-22.65337495650645        810.2821592671037
-22.61595206021741        809.420595647776
-22.578529163928373       808.5589582806473
-22.541106267639336       807.6973093598215
-22.503683371350302       806.8356604389958
-22.46626047506126        805.9740115181698
-22.428837578772225       805.1123625973441
-22.39141468248319        804.2507136765184
-22.35399178619415        803.3890647556925
-22.316568889905117       802.5274158348668
-22.27914599361608        801.6657669140409
-22.241723097327043       800.8041179932152
-22.20430020103801        799.9424690723894
-22.166877304748972       799.0808201515634
-22.12945440845993        798.2191712307376
-22.092031512170895       797.3575223099117
-22.054608615881858       796.495873389086
-22.01718571959282        795.63422446826
-21.979762823303783       794.7725755474343
-21.94233992701475        793.9109266266084
-21.904917030725713       793.0492777057825
-21.867494134436676       792.1876287849568
-21.830071238147642       791.325979864131
-21.792648341858605       790.4643309433052
-21.755225445569565       789.6026820224793
-21.717802549280528       788.7410331016534
-21.68037965299149        787.8793841808276
-21.642956756702453       787.0177352600018
-21.605533860413416       786.156086339176
-21.568110964124376       785.2944374183501
-21.53068806783534        784.4327884975243
-21.493265171546305       783.5711395766986
-21.455842275257268       782.7094906558727
-21.418419378968228       781.8478417350468
-21.380996482679194       780.9861928142211
-21.343573586390157       780.1245438933953
-21.30615069010112        779.2628949725695
-21.268727793812083       778.4012460517438
-21.231304897523046       777.539597130918
-21.19388200123401        776.6778938591301
-21.156459104944975       775.8161620218416
-21.11903620865594        774.9544301845533
-21.081613312366898       774.0926983472647
-21.04419041607786        773.2309665099763
-21.006767519788824       772.3692346726878
-20.96934462349979        771.5075028353994
-20.931921727210753       770.645770998111
-20.894498830921716       769.7840391608224
-20.85707593463268        768.922307323534
-20.819653038343642       768.0605754862455
-20.782230142054605       767.1988436489571
-20.744807245765564       766.3371118116685
-20.70738434947653        765.4753799743801
-20.669961453187494       764.6136481370918
-20.632538556898457       763.7519162998033
-20.59511566060942        762.8901844625148
-20.557692764320382       762.0284526252262
-20.520269868031345       761.1667207879378
-20.48284697174231        760.3049889506493
-20.44542407545327        759.4432571133609
-20.40800117916423        758.5815252760724
-20.370578282875197       757.7197934387839
-20.33315538658616        756.8580616014955
-20.295732490297123       755.996329764207
-20.25830959400809        755.1345979269186
-20.220886697719052       754.2728660896303
-20.183463801430015       753.4111342523416
-20.14604090514098        752.5494024150532
-20.10861800885194        751.6876705777648
-20.071195112562908       750.8259387404764
-20.033772216273867       749.9642069031879
-19.99634931998483        749.1024750658994
-19.958926423695793       748.2407432286109
-19.921503527406756       747.3790113913225
-19.88408063111772        746.517279554034
-19.846657734828682       745.6555477167456
-19.80923483853965        744.7937801335731
-19.77181194225061        743.9319682251548
-19.734389045961574       743.0701563167365
-19.696966149672534       742.2083444083182
-19.659543253383497       741.3465324998999
-19.62212035709446        740.4847205914816
-19.584697460805423       739.6229086830632
-19.547274564516385       738.7610967746449
-19.50985166822735        737.8992848662266
-19.47242877193831        737.0374729578083
-19.435005875649274       736.17566104939
-19.39758297936024        735.3138491409718
-19.3601600830712         734.4520372325534
-19.322737186782163       733.5902253241351
-19.28531429049313        732.7284134157169
-19.247891394204093       731.8666015072986
-19.210468497915056       731.0047895988803
-19.17304560162602        730.142977690462
-19.13562270533698        729.2811657820437
-19.098199809047944       728.4193538736254
-19.060776912758907       727.5575419652071
-19.02335401646987        726.6957300567888
-18.985931120180833       725.8339181483705
-18.948508223891796       724.9721062399522
-18.91108532760276        724.1102943315339
-18.873662431313722       723.2484824231155
-18.836239535024685       722.3866705146972
-18.798816638735648       721.5248586062789
-18.761393742446614       720.6630466978606
-18.723970846157577       719.8012347894423
-18.68654794986854        718.9394228810241
-18.6491250535795         718.0776109726057
-18.611702157290463       717.2157990641874
-18.57427926100143        716.3539871557691
-18.536856364712392       715.4921752473509
-18.499433468423355       714.6303633389327
-18.462010572134318       713.7685514305143
-18.42458767584528        712.9067212971078
-18.387164779556244       712.0448326074904
-18.349741883267207       711.182943917873
-18.31231898697817        710.3210552282555
-18.274896090689133       709.4591665386381
-18.237473194400096       708.5972778490207
-18.20005029811106        707.7353891594033
-18.16262740182202        706.8735004697858
-18.125204505532984       706.0116117801684
-18.087781609243947       705.149723090551
-18.05035871295491        704.2878344009337
-18.012935816665873       703.4259457113162
-17.975512920376836       702.5640570216988
-17.9380900240878         701.7021683320813
-17.900667127798762       700.8402796424639
-17.86324423150973        699.9783909528467
-17.82582133522069        699.1165022632292
-17.788398438931655       698.2546135736118
-17.750975542642617       697.3927248839943
-17.71355264635358        696.5308361943769
-17.676129750064547       695.6689475047597
-17.638706853775506       694.8070588151421
-17.60128395748647        693.9451701255248
-17.563861061197432       693.0832814359073
-17.526438164908395       692.2213927462899
-17.489015268619358       691.3595040566724
-17.45159237233032        690.497615367055
-17.414169476041288       689.6357266774377
-17.37674657975225        688.7738379878202
-17.339323683463213       687.9119492982029
-17.301900787174173       687.0500606085853
-17.264477890885136       686.1881719189679
-17.227054994596102       685.3262832293506
-17.189632098307065       684.4643945397331
-17.152209202018028       683.6025058501158
-17.114786305728988       682.7406171604981
-17.07736340943995        681.8787284708808
-17.039940513150913       681.0168377136874
-17.00251761686188        680.1548759613906
-16.965094720572843       679.2929142090939
-16.927671824283802       678.4309524567968
-16.89024892799477        677.5689907045
-16.85282603170573        676.7070289522031
-16.815403135416695       675.8450671999062
-16.777980239127658       674.9831054476093
-16.74055734283862        674.1211436953124
-16.703134446549583       673.2591819430155
-16.665711550260546       672.3972201907187
-16.628288653971513       671.5352584384218
-16.590865757682472       670.6732966861248
-16.553442861393435       669.811334933828
-16.516019965104398       668.9493731815311
-16.47859706881536        668.0874114292342
-16.441174172526324       667.2254496769372
-16.403751276237287       666.3634879246404
-16.36632837994825        665.5015261723435
-16.328905483659213       664.6395644200466
-16.291482587370176       663.7776026677495
-16.25405969108114        662.9156409154527
-16.2166367947921         662.0536791631558
-16.17921389850307        661.191717410859
-16.14179100221403        660.3297556585621
-16.104368105924998       659.4677939062653
-16.066945209635957       658.6058321539683
-16.02952231334692        657.7438704016715
-15.992099417057883       656.8819086493745
-15.954676520768846       656.0199468970777
-15.91725362447981        655.1579851447809
-15.879830728190774       654.2960233924839
-15.842407831901737       653.4340616401871
-15.804984935612698       652.5720998878901
-15.76756203932366        651.7101381355933
-15.730139143034625       650.8481763832965
-15.692716246745588       649.9862146309995
-15.655293350456551       649.1242528787026
-15.617870454167514       648.2622346932891
-15.580447557878477       647.4002040558265
-15.543024661589442       646.5381734183641
-15.505601765300405       645.6761427809015
-15.468178869011366       644.8141121434389
-15.430755972722329       643.9520815059765
-15.393333076433292       643.0900508685139
-15.355910180144255       642.2280202310513
-15.318487283855218       641.3659895935889
-15.281064387566182       640.5039589561262
-15.243641491277145       639.6419283186638
-15.20621859498811        638.7798976812013
-15.168795698699073       637.9178670437387
-15.131372802410034       637.0558364062761
-15.093949906120997       636.1938057688135
-15.056527009831962       635.3317751313512
-15.019104113542923       634.4697444938886
-14.981681217253886       633.607713856426
-14.944258320964849       632.7456832189634
-14.906835424675812       631.883652581501
-14.869412528386777       631.0216219440384
-14.831989632097741       630.159591306576
-14.794566735808703       629.2975606691134
-14.757143839519667       628.4355300316508
-14.71972094323063        627.5734993941884
-14.682298046941593       626.7114687567258
-14.644875150652558       625.8494381192634
-14.607452254363519       624.9874074818008
-14.570029358074482       624.1253768443381
-14.532606461785445       623.2633462068757
-14.495183565496408       622.4013155694131
-14.457760669207369       621.5392849319505
-14.420337772918334       620.677254294488
-14.382914876629297       619.8152236570255
-14.34549198034026        618.9531930195631
-14.308069084051223       618.0911623821005
-14.270646187762184       617.2291317446379
-14.233223291473148       616.3670606205773
-14.195800395184111       615.5049670892303
-14.158377498895076       614.6428735578833
-14.120954602606039       613.7807800265363
-14.083531706317          612.9186864951891
-14.046108810027965       612.0565929638421
-14.008685913738928       611.1944994324951
-13.971263017449893       610.3324059011481
-13.933840121160854       609.4703123698011
-13.896417224871817       608.608218838454
-13.85899432858278        607.7461253071069
-13.821571432293744       606.8840317757599
-13.784148536004707       606.0219382444129
-13.74672563971567        605.1598447130659
-13.709302743426633       604.2977511817188
-13.671879847137596       603.4356576503717
-13.63445695084856        602.5735641190247
-13.597034054559524       601.7114705876777
-13.559611158270485       600.8493770563307
-13.52218826198145        599.9872835249836
-13.484765365692414       599.1251899936367
-13.447342469403377       598.2630964622896
-13.409919573114339       597.4010029309425
-13.3724966768253         596.5389093995955
-13.335073780536263       595.6768158682485
-13.297650884247226       594.8147223369014
-13.260227987958189       593.9526288055544
-13.222805091669152       593.0905352742072
-13.185382195380116       592.2284417428604
-13.14795929909108        591.3663482115132
-13.110536402802044       590.5042546801662
-13.073113506513005       589.6421611488192
-13.03569061022397        588.7800676174722
-12.998267713934933       587.9179740861251
-12.960844817645896       587.0558805547781
-12.923421921356859       586.193775385887
-12.885999025067822       585.3316280406267
-12.848576128778785       584.4694806953664
-12.81115323248975        583.6073333501063
-12.773730336200712       582.7451860048461
-12.736307439911672       581.8830386595857
-12.698884543622636       581.0208913143256
-12.6614616473336         580.1587439690654
-12.624038751044564       579.2965966238053
-12.586615854755529       578.4344492785451
-12.54919295846649        577.5723019332848
-12.511770062177453       576.7101545880246
-12.474347165888416       575.8480072427644
-12.43692426959938        574.9858598975043
-12.399501373310343       574.1237125522441
-12.362078477021306       573.2615652069838
-12.32465558073227        572.3994178617237
-12.287232684443232       571.5372705164634
-12.249809788154195       570.6751231712033
-12.212386891865158       569.8129758259431
-12.17496399557612        568.950828480683
-12.137541099287082       568.0886811354226
-12.100118202998047       567.2265337901625
-12.06269530670901        566.3643864449023
-12.025272410419973       565.502239099642
-11.987849514130936       564.6400917543818
-11.950426617841899       563.7779444091217
-11.913003721552862       562.9157970638614
-11.875580825263823       562.0536497186012
-11.838157928974788       561.191502373341
-11.80073503268575        560.3293550280807
-11.763312136396715       559.4672076828206
-11.725889240107678       558.6050603375604
-11.688466343818641       557.7428730656633
-11.651043447529606       556.8806772840951
-11.613620551240569       556.0184815025268
-11.576197654951532       555.1562857209586
-11.538774758662496       554.2940899393905
-11.501351862373458       553.4318941578223
-11.463928966084422       552.5696983762542
-11.426506069795385       551.7075025946858
-11.389083173506348       550.8453068131176
-11.351660277217311       549.9831110315495
-11.314237380928274       549.1209152499812
-11.276814484639235       548.258719468413
-11.239391588350198       547.3965236868448
-11.201968692061163       546.5343279052767
-11.164545795772124       545.6721321237084
-11.127122899483087       544.8099363421401
-11.08970000319405        543.9477405605719
-11.052277106905013       543.0855447790036
-11.014854210615976       542.2233489974354
-10.977431314326939       541.3611532158673
-10.940008418037904       540.4989574342991
-10.902585521748867       539.6367616527309
-10.865162625459831       538.7745658711627
-10.827739729170792       537.9123700895944
-10.790316832881755       537.0501743080263
-10.75289393659272        536.187978526458
-10.715471040303683       535.3257827448899
-10.678048144014648       534.4635869633217
-10.640625247725609       533.6013911817535
-10.603202351436572       532.7391779956855
-10.565779455147535       531.8769450872738
-10.528356558858498       531.0147121788622
-10.490933662569462       530.1524792704504
-10.453510766280424       529.2902463620387
-10.416087869991388       528.428013453627
-10.378664973702351       527.5657805452153
-10.341242077413314       526.7035476368036
-10.303819181124275       525.8413147283918
-10.266396284835238       524.9790818199801
-10.228973388546203       524.1168489115685
-10.191550492257168       523.2546160031568
-10.15412759596813        522.3923830947451
-10.116704699679092       521.5301501863333
-10.079281803390055       520.6679172779216
-10.041858907101018       519.8056843695099
-10.00443601081198        518.9434514610982
-9.967013114522942        518.0812185526863
-9.929590218233907        517.2189856442747
-9.892167321944871        516.356752735863
-9.854744425655834        515.4945198274513
-9.817321529366797        514.6322869190396
-9.779898633077758        513.7700540106279
-9.742475736788721        512.9078211022162
-9.705052840499686        512.0455881938045
-9.667629944210649        511.18335528539285
-9.630207047921614        510.3211223769811
-9.592784151632575        509.458861409754
-9.555361255343538        508.59659606500065
-9.5179383590545          507.7343307202473
-9.480515462765466        506.872065375494
-9.443092566476428        506.00980003074073
-9.405669670187391        505.1475346859874
-9.368246773898354        504.2852693412341
-9.330823877609317        503.42300399648076
-9.29340098132028         502.56073865172743
-9.255978085031243        501.69847330697417
-9.218555188742206        500.8362079622209
-9.18113229245317         499.97394261746757
-9.143709396164136        499.11167727271425
-9.106286499875097        498.24941192796086
-9.068863603586061        497.3871465832076
-9.031440707297024        496.5248812384542
-8.994017811007987        495.66261589370094
-8.95659491471895         494.80035054894756
-8.919172018429911        493.93808520419424
-8.881749122140874        493.0758198594409
-8.844326225851837        492.21355451468764
-8.8069033295628          491.35128916993426
-8.769480433273761        490.48902382518094
-8.732057536984726        489.6267584804276
-8.694634640695691        488.7644732521313
-8.657211744406654        487.90218157657193
-8.619788848117617        487.03988990101254
-8.582365951828578        486.1775982254531
-8.544943055539543        485.31530654989376
-8.507520159250506        484.4530148743344
-8.47009726296147         483.590723198775
-8.432674366672433        482.7284315232156
-8.395251470383394        481.8661398476562
-8.35782857409436         481.00384817209687
-8.320405677805322        480.1415564965375
-8.282982781516287        479.27926482097814
-8.245559885227248        478.41697314541875
-8.208136988938211        477.55468146985936
-8.170714092649174        476.69238979429997
-8.133291196360137        475.8300981187406
-8.0958683000711          474.9678064431812
-8.058445403782063        474.1055147676218
-8.021022507493026        473.2432230920624
-7.9835996112039895       472.38093141650313
-7.9461767149149525       471.5186397409436
-7.908753818625916        470.6563480653843
-7.87133092233688         469.7940360330829
-7.833908026047842        468.93172187140516
-7.796485129758805        468.06940770972756
-7.759062233469768        467.2070935480499
-7.721639337180732        466.3447793863723
-7.684216440891694        465.48246522469464
-7.646793544602659        464.62015106301703
-7.609370648313622        463.7578369013394
-7.571947752024585        462.89552273966166
-7.5345248557355475       462.03320857798406
-7.4971019594465105       461.1708944163064
-7.459679063157473        460.30858025462874
-7.4222561668684355       459.4462660929511
-7.384833270579399        458.5839519312735
-7.347410374290362        457.7216377695958
-7.309987478001325        456.85932360791816
-7.272564581712288        455.99700944624055
-7.235141685423252        455.1346952845629
-7.197718789134217        454.27238112288535
-7.160295892845179        453.41006502549294
-7.122872996556143        452.54773219014135
-7.0854501002671055       451.68539935478964
-7.0480272039780685       450.82306651943804
-7.010604307689031        449.9607336840864
-6.973181411399994        449.0984008487347
-6.935758515110958        448.23606801338315
-6.89833561882192         447.37373517803144
-6.860912722532884        446.5114023426798
-6.823489826243846        445.6490695073282
-6.78606692995481         444.78673667197654
-6.748644033665774        443.92440383662495
-6.711221137376736        443.06207100127324
-6.6737982410877          442.19973816592164
-6.636375344798662        441.33740533057
-6.598952448509625        440.47507249521834
-6.561529552220588        439.6127396598667
-6.5241066559315515       438.75040682451504
-6.486683759642514        437.8880715965273
-6.449260863353477        437.0257236401178
-6.411837967064441        436.1633756837084
-6.374415070775403        435.3010277272989
-6.336992174486367        434.43867977088945
-6.29956927819733         433.57633181448
-6.262146381908293        432.7139838580705
-6.224723485619078        431.8516359016569
-6.187300589329864        430.9892879452434
-6.149877693040649        430.1269399888298
-6.112454796751433        429.2645920324162
-6.075222395193409        428.4066337079776
-6.037989120636512        427.54865526674246
-6.000754973080743        426.6906567087108
-5.963519952526101        425.83263803388235
-5.9262847456260275       424.97461506503566
-5.889048691626289        424.1165725761962
-5.851811790526888        423.2584993674665
-5.814574042327823        422.4004048771035
-5.777336099177175        421.54230589433985
-5.740097334828763        420.6841879881636
-5.702857749282588        419.8260511585747
-5.665617342538649        418.96789540557313
-5.628376732235102        418.10973496181043
-5.591135326638305        417.2515561915702
-5.5538931257482576       416.3933590948525
-5.51665012956496         415.53514367165724
-5.479406921211737        414.67692335928757
-5.442162943472321        413.81868531743413
-5.404918196346709        412.9604295460968
-5.367672679834903        412.10215604527565
-5.330426942540136        411.24387686536744
-5.293180461768701        410.3855701097108
-5.2559332375206          409.52724622140073
-5.2186852697958335       408.6689052004373
-5.181437072671919        407.8105588932069
-5.144188157983264        406.9521960504368
-5.106938525729867        406.0938166721269
-5.06968817591173         405.2354207582772
-5.032437588074692        404.37701935952725
-4.995186308587167        403.51860202240476
-4.957934337449152        402.66016874690973
-4.920681674660648        401.80171953304216
-4.883428765230985        400.9432646355833
-4.846175190067339        400.084794396971
-4.808920949169711        399.2263033379002
-4.771666042538101        398.36779378227425
-4.734410880641704        397.5092783442753
-4.697155078930014        396.65074816224416
-4.659898637403029        395.7922032361808
-4.622641556060749        394.93364356608515
-4.585384210826229        394.0750778148037
-4.548126251697215        393.2164979168141
-4.510867678673706        392.3579038721165
-4.4736084917557015       391.49929568071076
-4.436349032316853        390.6406812092798
-4.399088984906344        389.7820531885118
-4.361828349524178        388.9234081185741
-4.324567126170351        388.06474564338237
-4.287305621665587        387.2060766892364
-4.250043555113965        386.34739478305875
-4.212780926515486        385.48869992484936
-4.17551773587015         384.62999211460834
-4.138254255441873        383.77127762649377
-4.100990238893433        382.9125507838126
-4.063725686224833        382.0538115865649
-4.0264605974360705       381.19506003475055
-3.9891952102300268       380.33630160608953
-3.9519293128323376       379.47752858617923
-3.914662905243003        378.6187404623167
-3.8773959874620236       377.75994058130993
-3.8401287626266614       376.90113362436864
-3.802861053529918        376.0423155078349
-3.765592860171795        375.18348623170874
-3.728324182552291        374.32464579599
-3.691055189238931        373.4657980852441
-3.653785737596136        372.60693981249585
-3.616515827623904        371.7480709777455
-3.579245459322235        370.88918936738673
-3.54197476668716         370.0302978395846
-3.5047036416561963       369.1713963473536
-3.4674320842293436       368.31248489069367
-3.4301600944066024       367.4535634696049
-3.392887771607503        366.59463437517945
-3.355615042347594        365.7356959139909
-3.3183419066268773       364.8767480860395
-3.28106836444535         364.01779089132503
-3.243794480643902        363.1588245332299
-3.206520216318185        362.2998476874611
-3.169245571468199        361.4408620725981
-3.131970546093945        360.58186768864084
-3.0946951704555286       359.7228652329266
-3.057419440230772        358.8638546058517
-3.020143355419675        358.00483580741627
-2.982866916022238        357.1458088376201
-2.9455901177152928       356.28677342650417
-2.9083129907612526       355.4277298755738
-2.8710355351601162       354.5686787510401
-2.8337577509118836       353.70962005290335
-2.7964795991072715       352.850552884507
-2.7592011445960507       351.99147874030064
-2.721922387378222        351.132397620284
-2.6846433274537853       350.2733095244574
-2.647363891324143        349.4142152356361
-2.610084178429553        348.5551151780922
-2.5728041887700144       347.6960087425811
-2.5355239223455275       346.8368959291029
-2.4982432710649864       345.9777742467298
-2.4609623689622557       345.11864678423274
-2.4236812160373358       344.2595142248327
-2.3863998122902257       343.4003848744252
-2.349118015036987        342.5412464558864
-2.3118359929053445       341.682102855149
-2.2745537458952985       340.822954072213
-2.2372712740068494       339.9638001070785
-2.1999883999596395       339.1046368744175
-2.1627053269787675       338.245488897525
-2.125422055064233        337.38633694889904
-2.0881385842160363       336.5271804160659
-2.050854702556184        335.6680144165306
-2.013570647908293        334.80884443067623
-1.9762864202723633       333.9496869979503
-1.9390020196483952       333.090546496515
-1.9017171995600086       332.2313963294054
-1.8644322324300173       331.3722427740317
-1.8271471182584216       330.51308583039383
-1.7898618570452216       329.65395206769915
-1.7525761677145437       328.79484345024906
-1.7152903572894347       327.9357320426327
-1.678004425769894        327.0766178448502
-1.6407183731559214       326.2175008569015
-1.6034318837706933       325.3584594409639
-1.5661452992388722       324.4994262939289
-1.5288586195604583       323.6403909548434
-1.4915718447354511       322.7813534237073
-1.4542846244842655       321.92241646810254
-1.4169973350349199       321.0635098176007
-1.3797099763874134       320.20460157313045
-1.3424225485417474       319.345701632139
-1.3051346666134973       318.4869889844204
-1.2678467414360408       317.62827534070425
-1.230558773009378        316.76956070099044
-1.1932707613335087       315.9110192261398
-1.1559822869198493       315.05255349817065
-1.1186937952063865       314.19408737192066
-1.0814052861931214       313.33584299322507
-1.0441167598800534       312.4777426741928
-1.0068277621727209       311.6196315072239
-0.9695387731153663       310.76189043982396
-0.9322497927079899       309.9042324830964
-0.8949608209505914       309.0466646423068
-0.8576713691423299       308.18966122046663
-0.8203819519341324       307.3326585938213
-0.7830925693259989       306.4760821359635
-0.7458032213179292       305.62001926140977
-0.7085133846033377       304.7639451674721
-0.6712236084391286       303.90889235464476
-0.633933892825302        303.0541426605796
-0.596644237761858        302.1996454783204
-0.5593540853367479       301.3476763292924
-0.5220640194124992       300.49570915655215
-0.484774039989112        299.2366379905112
-0.4474841470665861       297.38763169370526
-0.41019374812733966      295.5386003062372
-0.37290346163952187      293.6456873639253
-0.3356132876031328       291.716501108086
-0.2983232260181725       289.7873206698583
-0.2610326497611003       287.8211701908487
-0.2237422119060403       285.7951070004135
-0.18645191245299253      283.76905132963316
-0.149161751401957        281.74300317850765
-0.11187106702265669      279.6063101108769
-0.07458054699589592      277.45419725546026
-0.03729019132167464      275.30209388516784
7.105427356384871E-15     273.15
