-1.500000000000000000e+02 5.597948858973563802e+02
-1.475000000000000000e+02 5.564409206325094601e+02
-1.450000000000000000e+02 5.530422523083977921e+02
-1.425000000000000000e+02 5.497468437497764171e+02
-1.400000000000000000e+02 5.464330359333091565e+02
-1.375000000000000000e+02 5.432402747102721605e+02
-1.350000000000000000e+02 5.400810307732656383e+02
-1.325000000000000000e+02 5.369937790113165192e+02
-1.300000000000000000e+02 5.340008529841103382e+02
-1.275000000000000000e+02 5.310239037154321977e+02
-1.250000000000000000e+02 5.282212487621803803e+02
-1.225000000000000000e+02 5.254986104030091383e+02
-1.200000000000000000e+02 5.229604145936525583e+02
-1.175000000000000000e+02 5.205032478016833011e+02
-1.150000000000000000e+02 5.182137311313657619e+02
-1.125000000000000000e+02 5.160139733166738552e+02
-1.100000000000000000e+02 5.139260007554963749e+02
-1.075000000000000000e+02 5.119601159481737795e+02
-1.050000000000000000e+02 5.100555240354929083e+02
-1.025000000000000000e+02 5.082919744242183242e+02
-1.000000000000000000e+02 5.066149496620275841e+02
-9.750000000000000000e+01 5.050885741515820655e+02
-9.500000000000000000e+01 5.036041249859646314e+02
-9.250000000000000000e+01 5.021887825561091176e+02
-9.000000000000000000e+01 5.007899027446806599e+02
-8.750000000000000000e+01 4.994149317297268453e+02
-8.500000000000000000e+01 4.980765232680550412e+02
-8.250000000000000000e+01 4.967340987469200400e+02
-8.000000000000000000e+01 4.954394098591644138e+02
-7.750000000000000000e+01 4.941464748023742004e+02
-7.500000000000000000e+01 4.929126738296439498e+02
-7.250000000000000000e+01 4.916891767192167322e+02
-7.000000000000000000e+01 4.905256909944071140e+02
-6.750000000000000000e+01 4.893829313562769130e+02
-6.500000000000000000e+01 4.882718908638102562e+02
-6.250000000000000000e+01 4.871258924628045293e+02
-6.000000000000000000e+01 4.856902149611328241e+02
-5.750000000000000000e+01 4.843262370178986771e+02
-5.500000000000000000e+01 4.832961369375162235e+02
-5.250000000000000000e+01 4.823497257983550526e+02
-5.000000000000000000e+01 4.813043099304851467e+02
-4.750000000000000000e+01 4.799007224308540458e+02
-4.500000000000000000e+01 4.781181091866121733e+02
-4.250000000000000000e+01 4.762370481051297020e+02
-4.000000000000000000e+01 4.745337748220482013e+02
-3.750000000000000000e+01 4.727356151374443698e+02
-3.500000000000000000e+01 4.705918289869954378e+02
-3.250000000000000000e+01 4.684004131469317258e+02
-3.000000000000000000e+01 4.664642373686517089e+02
-2.750000000000000000e+01 4.646299836791680491e+02
-2.500000000000000000e+01 4.626332074124202336e+02
-2.250000000000000000e+01 4.603960679174123243e+02
-2.000000000000000000e+01 4.579137435501538675e+02
-1.750000000000000000e+01 4.549630746646283797e+02
-1.500000000000000000e+01 4.515708958976031226e+02
-1.250000000000000000e+01 4.480300116154464831e+02
-1.000000000000000000e+01 4.443795258687102887e+02
-7.500000000000000000e+00 4.406194622898715352e+02
-5.000000000000000000e+00 4.368588800459302774e+02
-2.500000000000000000e+00 4.329748125630217146e+02
0.000000000000000000e+00 4.285286903855079572e+02
2.500000000000000000e+00 4.239533430819597584e+02
5.000000000000000000e+00 4.191065866228724417e+02
7.500000000000000000e+00 4.148502663495918341e+02
1.000000000000000000e+01 4.111461560766189791e+02
1.250000000000000000e+01 4.069424339297055440e+02
1.500000000000000000e+01 4.024600370203326065e+02
1.750000000000000000e+01 3.983047391435695772e+02
2.000000000000000000e+01 3.943656565912540373e+02
2.250000000000000000e+01 3.904861208521756453e+02
2.500000000000000000e+01 3.864617018254227787e+02
2.750000000000000000e+01 3.824579338474870838e+02
3.000000000000000000e+01 3.786290832242291344e+02
3.250000000000000000e+01 3.748439968024325708e+02
3.500000000000000000e+01 3.711407706137676996e+02
3.750000000000000000e+01 3.675752909445581054e+02
4.000000000000000000e+01 3.641225171249948289e+02
4.250000000000000000e+01 3.609164631756879089e+02
4.500000000000000000e+01 3.591043190105228859e+02
4.750000000000000000e+01 3.589870636307436484e+02
5.000000000000000000e+01 3.593500306160885884e+02
5.250000000000000000e+01 3.596514892634426701e+02
5.500000000000000000e+01 3.599463218322088096e+02
5.750000000000000000e+01 3.600951813021401335e+02
6.000000000000000000e+01 3.601493036333918099e+02
6.250000000000000000e+01 3.604101340211859679e+02
6.500000000000000000e+01 3.607329001411866329e+02
6.750000000000000000e+01 3.609348934350021523e+02
7.000000000000000000e+01 3.611561336264317674e+02
7.250000000000000000e+01 3.614547724261933013e+02
7.500000000000000000e+01 3.617117998100268892e+02
7.750000000000000000e+01 3.619850838055575082e+02
8.000000000000000000e+01 3.622626268342636422e+02
8.250000000000000000e+01 3.623937015852976629e+02
8.500000000000000000e+01 3.626776394700837045e+02
8.750000000000000000e+01 3.630835769880656017e+02
9.000000000000000000e+01 3.634136119983409117e+02
9.250000000000000000e+01 3.637644694238113630e+02
9.500000000000000000e+01 3.639002874027806911e+02
9.750000000000000000e+01 3.641047910173719515e+02
1.000000000000000000e+02 3.646193670831727331e+02
1.025000000000000000e+02 3.649291867025440297e+02
1.050000000000000000e+02 3.652115717016013150e+02
1.075000000000000000e+02 3.656288102118094230e+02
1.100000000000000000e+02 3.661038762523244259e+02
1.125000000000000000e+02 3.664939101310071123e+02
1.150000000000000000e+02 3.668405017549858940e+02
1.175000000000000000e+02 3.673869282323346965e+02
1.200000000000000000e+02 3.678008648604906057e+02
1.225000000000000000e+02 3.681637228012079959e+02
1.250000000000000000e+02 3.687939160753332430e+02
1.275000000000000000e+02 3.693471357250879805e+02
1.300000000000000000e+02 3.698427523789598581e+02
1.325000000000000000e+02 3.704911192527372350e+02
1.350000000000000000e+02 3.711003253366479839e+02
1.375000000000000000e+02 3.717577115504575431e+02
1.400000000000000000e+02 3.724964564924098340e+02
1.425000000000000000e+02 3.733514638929233342e+02
1.450000000000000000e+02 3.744391005179697345e+02
1.475000000000000000e+02 3.753942419696028878e+02
1.500000000000000000e+02 3.760759134951679243e+02
1.525000000000000000e+02 3.767286957863837529e+02
1.550000000000000000e+02 3.766590844771930620e+02
1.575000000000000000e+02 3.706751528631767769e+02
1.600000000000000000e+02 3.641812901628885584e+02
1.625000000000000000e+02 3.633475457651297233e+02
1.650000000000000000e+02 3.634771907342135364e+02
1.675000000000000000e+02 3.635306248808250871e+02
1.700000000000000000e+02 3.635273054338425709e+02
