-1.500000000000000000e+02 6.812363040796149107e+02
-1.475000000000000000e+02 6.771963315802963734e+02
-1.450000000000000000e+02 6.730683778034286888e+02
-1.425000000000000000e+02 6.690154122462072337e+02
-1.400000000000000000e+02 6.648733692983777246e+02
-1.375000000000000000e+02 6.608012999911051111e+02
-1.350000000000000000e+02 6.566713512446937102e+02
-1.325000000000000000e+02 6.525119220075680460e+02
-1.300000000000000000e+02 6.483462786559514370e+02
-1.275000000000000000e+02 6.440516978945984192e+02
-1.250000000000000000e+02 6.398203024910002341e+02
-1.225000000000000000e+02 6.354872672217578611e+02
-1.200000000000000000e+02 6.312098215862595225e+02
-1.175000000000000000e+02 6.268019039497687572e+02
-1.150000000000000000e+02 6.224251005376455623e+02
-1.125000000000000000e+02 6.179419288163801411e+02
-1.100000000000000000e+02 6.133900551692508998e+02
-1.075000000000000000e+02 6.088130486445845690e+02
-1.050000000000000000e+02 6.040684895195861372e+02
-1.025000000000000000e+02 5.993382434593212338e+02
-1.000000000000000000e+02 5.944296006603343585e+02
-9.750000000000000000e+01 5.895295011111122676e+02
-9.500000000000000000e+01 5.844294054426496814e+02
-9.250000000000000000e+01 5.793084625800877348e+02
-9.000000000000000000e+01 5.740101757097111204e+02
-8.750000000000000000e+01 5.686196932149487111e+02
-8.500000000000000000e+01 5.632325274482225268e+02
-8.250000000000000000e+01 5.577039210144871504e+02
-8.000000000000000000e+01 5.522565137568431055e+02
-7.750000000000000000e+01 5.466747002944307496e+02
-7.500000000000000000e+01 5.411782348154256397e+02
-7.250000000000000000e+01 5.355318543053615485e+02
-7.000000000000000000e+01 5.298465301036493429e+02
-6.750000000000000000e+01 5.239516962776903028e+02
-6.500000000000000000e+01 5.180618911252291809e+02
-6.250000000000000000e+01 5.122709277456135624e+02
-6.000000000000000000e+01 5.063682429886135878e+02
-5.750000000000000000e+01 5.005689884782015611e+02
-5.500000000000000000e+01 4.946308672582636063e+02
-5.250000000000000000e+01 4.887801458136084420e+02
-5.000000000000000000e+01 4.827781143398052563e+02
-4.750000000000000000e+01 4.768561645353272525e+02
-4.500000000000000000e+01 4.708337844177907527e+02
-4.250000000000000000e+01 4.647659691310572612e+02
-4.000000000000000000e+01 4.587113994084058959e+02
-3.750000000000000000e+01 4.524848176757809597e+02
-3.500000000000000000e+01 4.463287314236605994e+02
-3.250000000000000000e+01 4.399976823751513848e+02
-3.000000000000000000e+01 4.337443178214284671e+02
-2.750000000000000000e+01 4.273545862805076467e+02
-2.500000000000000000e+01 4.212585293686297518e+02
-2.250000000000000000e+01 4.153948962303638837e+02
-2.000000000000000000e+01 4.098310551782785183e+02
-1.750000000000000000e+01 4.045005869078240721e+02
-1.500000000000000000e+01 3.992834488655875020e+02
-1.250000000000000000e+01 3.940472099710713110e+02
-1.000000000000000000e+01 3.885346295102071963e+02
-7.500000000000000000e+00 3.830330047038240195e+02
-5.000000000000000000e+00 3.774249685894292270e+02
-2.500000000000000000e+00 3.723069880753478174e+02
0.000000000000000000e+00 3.676534658833926414e+02
2.500000000000000000e+00 3.632579141448152882e+02
5.000000000000000000e+00 3.588953093302523030e+02
7.500000000000000000e+00 3.551741926420687605e+02
1.000000000000000000e+01 3.531700170736002065e+02
1.250000000000000000e+01 3.528555086919758992e+02
1.500000000000000000e+01 3.529905279410397725e+02
1.750000000000000000e+01 3.531336356502961280e+02
2.000000000000000000e+01 3.532785552788564587e+02
2.250000000000000000e+01 3.534251812576886778e+02
2.500000000000000000e+01 3.535735153380796305e+02
2.750000000000000000e+01 3.537233228754639640e+02
3.000000000000000000e+01 3.538745337752092155e+02
3.250000000000000000e+01 3.540270537612549333e+02
3.500000000000000000e+01 3.541805822264980179e+02
3.750000000000000000e+01 3.543354518398462574e+02
4.000000000000000000e+01 3.544918947390885364e+02
4.250000000000000000e+01 3.546496312366348320e+02
4.500000000000000000e+01 3.548084810629596859e+02
4.750000000000000000e+01 3.549683521082356492e+02
5.000000000000000000e+01 3.551295029434446633e+02
5.250000000000000000e+01 3.552916541620011799e+02
5.500000000000000000e+01 3.554547307739114785e+02
5.750000000000000000e+01 3.556192000814924086e+02
6.000000000000000000e+01 3.557847344550813773e+02
6.250000000000000000e+01 3.559512708370338601e+02
6.500000000000000000e+01 3.561189710657933460e+02
6.750000000000000000e+01 3.562877968709038896e+02
7.000000000000000000e+01 3.564578739593764567e+02
7.250000000000000000e+01 3.566292917875031208e+02
7.500000000000000000e+01 3.568016300601544799e+02
7.750000000000000000e+01 3.569750497759201266e+02
8.000000000000000000e+01 3.571500405458569958e+02
8.250000000000000000e+01 3.573261770750293067e+02
8.500000000000000000e+01 3.575049063838741858e+02
8.750000000000000000e+01 3.576826650809053376e+02
9.000000000000000000e+01 3.578633792204563520e+02
9.250000000000000000e+01 3.580430203570886079e+02
9.500000000000000000e+01 3.582235241507568162e+02
9.750000000000000000e+01 3.584054337874205203e+02
1.000000000000000000e+02 3.585882330284132422e+02
1.025000000000000000e+02 3.587723295469487539e+02
1.050000000000000000e+02 3.589575779420450772e+02
1.075000000000000000e+02 3.591437136266940797e+02
1.100000000000000000e+02 3.593308677551654000e+02
1.125000000000000000e+02 3.595190288513567225e+02
1.150000000000000000e+02 3.597083554296045236e+02
1.175000000000000000e+02 3.598986898807615376e+02
1.200000000000000000e+02 3.600900429299367147e+02
1.225000000000000000e+02 3.602822788639314808e+02
1.250000000000000000e+02 3.604753121390386355e+02
1.275000000000000000e+02 3.606690583454234229e+02
1.300000000000000000e+02 3.608632974165794280e+02
1.325000000000000000e+02 3.610581416562093864e+02
1.350000000000000000e+02 3.612538406497703818e+02
1.375000000000000000e+02 3.614501764889405422e+02
1.400000000000000000e+02 3.616470318083285633e+02
1.425000000000000000e+02 3.618440873411861958e+02
1.450000000000000000e+02 3.620411661543574269e+02
1.475000000000000000e+02 3.622380538592573203e+02
1.500000000000000000e+02 3.624337411068476058e+02
1.525000000000000000e+02 3.626273396637494670e+02
1.550000000000000000e+02 3.628179582192139492e+02
1.575000000000000000e+02 3.630037638475279778e+02
1.600000000000000000e+02 3.631810689818148035e+02
1.625000000000000000e+02 3.633436017545414529e+02
1.650000000000000000e+02 3.634770877133708495e+02
1.675000000000000000e+02 3.635306037169660840e+02
1.700000000000000000e+02 3.635272999318829079e+02
