-1.500000000000000000e+02 5.852402952776994880e+02
-1.475000000000000000e+02 5.830405715016061095e+02
-1.450000000000000000e+02 5.807072226921009133e+02
-1.425000000000000000e+02 5.783711902549579236e+02
-1.400000000000000000e+02 5.759668971108242204e+02
-1.375000000000000000e+02 5.736076787937588506e+02
-1.350000000000000000e+02 5.712355376045070443e+02
-1.325000000000000000e+02 5.688795016484316420e+02
-1.300000000000000000e+02 5.665484986159518712e+02
-1.275000000000000000e+02 5.641668795662922093e+02
-1.250000000000000000e+02 5.618726063409465041e+02
-1.225000000000000000e+02 5.596252299936081727e+02
-1.200000000000000000e+02 5.575242394635437222e+02
-1.175000000000000000e+02 5.554817494622418508e+02
-1.150000000000000000e+02 5.535725717974605686e+02
-1.125000000000000000e+02 5.517285077562419247e+02
-1.100000000000000000e+02 5.499616261502709449e+02
-1.075000000000000000e+02 5.482849849527513015e+02
-1.050000000000000000e+02 5.466462526858372257e+02
-1.025000000000000000e+02 5.451116109861834502e+02
-1.000000000000000000e+02 5.436353790720484085e+02
-9.750000000000000000e+01 5.422988755540270631e+02
-9.500000000000000000e+01 5.410394197095495201e+02
-9.250000000000000000e+01 5.398646010906213633e+02
-9.000000000000000000e+01 5.387095686729647923e+02
-8.750000000000000000e+01 5.375548594630472508e+02
-8.500000000000000000e+01 5.361064107094063047e+02
-8.250000000000000000e+01 5.344025696587510765e+02
-8.000000000000000000e+01 5.330522017035116278e+02
-7.750000000000000000e+01 5.319859255034704120e+02
-7.500000000000000000e+01 5.310123492327500117e+02
-7.250000000000000000e+01 5.298747055072046805e+02
-7.000000000000000000e+01 5.284044617132617532e+02
-6.750000000000000000e+01 5.268132178885998655e+02
-6.500000000000000000e+01 5.254047592598101346e+02
-6.250000000000000000e+01 5.235120090396418391e+02
-6.000000000000000000e+01 5.209116917945875684e+02
-5.750000000000000000e+01 5.186178130677199078e+02
-5.500000000000000000e+01 5.165101284895218896e+02
-5.250000000000000000e+01 5.142197461315205373e+02
-5.000000000000000000e+01 5.118330317825495399e+02
-4.750000000000000000e+01 5.094820518953807778e+02
-4.500000000000000000e+01 5.069973510171340649e+02
-4.250000000000000000e+01 5.044296863954542687e+02
-4.000000000000000000e+01 5.017980869253330525e+02
-3.750000000000000000e+01 4.992595945545243694e+02
-3.500000000000000000e+01 4.968184634677566009e+02
-3.250000000000000000e+01 4.942761269476026769e+02
-3.000000000000000000e+01 4.918993001260581650e+02
-2.750000000000000000e+01 4.893570005719058145e+02
-2.500000000000000000e+01 4.868810589630563754e+02
-2.250000000000000000e+01 4.846090485987887178e+02
-2.000000000000000000e+01 4.821929380331284278e+02
-1.750000000000000000e+01 4.791375251266084661e+02
-1.500000000000000000e+01 4.753584793171733622e+02
-1.250000000000000000e+01 4.712008461620928301e+02
-1.000000000000000000e+01 4.667499517233491702e+02
-7.500000000000000000e+00 4.625346878962740220e+02
-5.000000000000000000e+00 4.583722130273433777e+02
-2.500000000000000000e+00 4.541740042974387279e+02
0.000000000000000000e+00 4.496767207983793924e+02
2.500000000000000000e+00 4.449042849975777472e+02
5.000000000000000000e+00 4.398032024054671183e+02
7.500000000000000000e+00 4.346391713682447744e+02
1.000000000000000000e+01 4.295255100604141489e+02
1.250000000000000000e+01 4.249905784645496283e+02
1.500000000000000000e+01 4.207061068845897012e+02
1.750000000000000000e+01 4.163304868769428140e+02
2.000000000000000000e+01 4.123944803357087494e+02
2.250000000000000000e+01 4.087056836215924704e+02
2.500000000000000000e+01 4.048800355110147393e+02
2.750000000000000000e+01 4.008810998308863418e+02
3.000000000000000000e+01 3.967937301285039098e+02
3.250000000000000000e+01 3.927433883405475967e+02
3.500000000000000000e+01 3.886795587907814138e+02
3.750000000000000000e+01 3.845451937208915751e+02
4.000000000000000000e+01 3.807789262640918651e+02
4.250000000000000000e+01 3.771783507291930846e+02
4.500000000000000000e+01 3.734203921170493459e+02
4.750000000000000000e+01 3.698099595411157452e+02
5.000000000000000000e+01 3.662893217956045078e+02
5.250000000000000000e+01 3.629361796615867775e+02
5.500000000000000000e+01 3.607105971463199694e+02
5.750000000000000000e+01 3.600664690064205615e+02
6.000000000000000000e+01 3.602139589010254213e+02
6.250000000000000000e+01 3.605066495960631983e+02
6.500000000000000000e+01 3.607573091274503554e+02
6.750000000000000000e+01 3.610066592843004969e+02
7.000000000000000000e+01 3.612341319131429032e+02
7.250000000000000000e+01 3.614054675868358117e+02
7.500000000000000000e+01 3.616697163690958519e+02
7.750000000000000000e+01 3.618989700710139346e+02
8.000000000000000000e+01 3.620845913810712204e+02
8.250000000000000000e+01 3.623957405027228447e+02
8.500000000000000000e+01 3.628058331138155950e+02
8.750000000000000000e+01 3.631723620561916164e+02
9.000000000000000000e+01 3.634299757243126123e+02
9.250000000000000000e+01 3.636558843754399959e+02
9.500000000000000000e+01 3.639528503264681376e+02
9.750000000000000000e+01 3.643473809217691155e+02
1.000000000000000000e+02 3.647129000746643896e+02
1.025000000000000000e+02 3.649604979723259248e+02
1.050000000000000000e+02 3.653005034579565518e+02
1.075000000000000000e+02 3.657153717766282170e+02
1.100000000000000000e+02 3.660251487037015181e+02
1.125000000000000000e+02 3.663535617552151962e+02
1.150000000000000000e+02 3.668286149191368395e+02
1.175000000000000000e+02 3.673251523534503917e+02
1.200000000000000000e+02 3.677069014165201679e+02
1.225000000000000000e+02 3.680993083333081017e+02
1.250000000000000000e+02 3.686513427339517079e+02
1.275000000000000000e+02 3.693049114607706542e+02
1.300000000000000000e+02 3.698744699536351277e+02
1.325000000000000000e+02 3.705128256266525568e+02
1.350000000000000000e+02 3.712704920071182642e+02
1.375000000000000000e+02 3.719219698429808432e+02
1.400000000000000000e+02 3.725504650802029687e+02
1.425000000000000000e+02 3.733894897286804735e+02
1.450000000000000000e+02 3.744744055219171059e+02
1.475000000000000000e+02 3.755305251148892012e+02
1.500000000000000000e+02 3.758617183836310005e+02
1.525000000000000000e+02 3.763055232908074572e+02
1.550000000000000000e+02 3.767129565346327240e+02
1.575000000000000000e+02 3.707133299958485964e+02
1.600000000000000000e+02 3.640732651047642889e+02
1.625000000000000000e+02 3.633473306504556035e+02
1.650000000000000000e+02 3.634771394368875690e+02
1.675000000000000000e+02 3.635305965860991932e+02
1.700000000000000000e+02 3.635272889911986454e+02
