-1.500000000000000000e+02 6.710657465374403046e+02
-1.475000000000000000e+02 6.665902438837733825e+02
-1.450000000000000000e+02 6.616772934628596659e+02
-1.425000000000000000e+02 6.566276521712502472e+02
-1.400000000000000000e+02 6.513143485834708599e+02
-1.375000000000000000e+02 6.459970302526446631e+02
-1.350000000000000000e+02 6.405530956732087589e+02
-1.325000000000000000e+02 6.350512526497278714e+02
-1.300000000000000000e+02 6.295284139153329761e+02
-1.275000000000000000e+02 6.238467790440803356e+02
-1.250000000000000000e+02 6.183624599170209422e+02
-1.225000000000000000e+02 6.129614524072030690e+02
-1.200000000000000000e+02 6.078710456126461850e+02
-1.175000000000000000e+02 6.028828480809404482e+02
-1.150000000000000000e+02 5.981884725994189012e+02
-1.125000000000000000e+02 5.936361659261142449e+02
-1.100000000000000000e+02 5.892697756589495839e+02
-1.075000000000000000e+02 5.851258611765827027e+02
-1.050000000000000000e+02 5.810747210110225751e+02
-1.025000000000000000e+02 5.772690556561758513e+02
-1.000000000000000000e+02 5.735524873043823391e+02
-9.750000000000000000e+01 5.700665780888452900e+02
-9.500000000000000000e+01 5.666696828360270501e+02
-9.250000000000000000e+01 5.634861296988017330e+02
-9.000000000000000000e+01 5.604076566132644075e+02
-8.750000000000000000e+01 5.574623191987666360e+02
-8.500000000000000000e+01 5.546743812915572107e+02
-8.250000000000000000e+01 5.519616301705989372e+02
-8.000000000000000000e+01 5.494311995658923706e+02
-7.750000000000000000e+01 5.469796950176630617e+02
-7.500000000000000000e+01 5.447026384457544737e+02
-7.250000000000000000e+01 5.424892250542746979e+02
-7.000000000000000000e+01 5.402764171242937437e+02
-6.750000000000000000e+01 5.374622518783041869e+02
-6.500000000000000000e+01 5.345851317057353072e+02
-6.250000000000000000e+01 5.319890426536991299e+02
-6.000000000000000000e+01 5.295668782585255485e+02
-5.750000000000000000e+01 5.275916401268433447e+02
-5.500000000000000000e+01 5.254267986345706731e+02
-5.250000000000000000e+01 5.227183908000856718e+02
-5.000000000000000000e+01 5.198304944488744468e+02
-4.750000000000000000e+01 5.174879904086801616e+02
-4.500000000000000000e+01 5.153090546752144974e+02
-4.250000000000000000e+01 5.132486732950148962e+02
-4.000000000000000000e+01 5.108615314507130734e+02
-3.750000000000000000e+01 5.079499539945716151e+02
-3.500000000000000000e+01 5.053822133384225026e+02
-3.250000000000000000e+01 5.028416218512102205e+02
-3.000000000000000000e+01 5.001754198309754997e+02
-2.750000000000000000e+01 4.976423147522110639e+02
-2.500000000000000000e+01 4.954816449041902047e+02
-2.250000000000000000e+01 4.930961703441256532e+02
-2.000000000000000000e+01 4.901950885066531214e+02
-1.750000000000000000e+01 4.871682936089226814e+02
-1.500000000000000000e+01 4.839405784985602281e+02
-1.250000000000000000e+01 4.799898656142948994e+02
-1.000000000000000000e+01 4.755248506497446215e+02
-7.500000000000000000e+00 4.712782089577571014e+02
-5.000000000000000000e+00 4.670840158618633495e+02
-2.500000000000000000e+00 4.629808841113730864e+02
0.000000000000000000e+00 4.584314386176924927e+02
2.500000000000000000e+00 4.535555595661338657e+02
5.000000000000000000e+00 4.483845658111363264e+02
7.500000000000000000e+00 4.430990120492429014e+02
1.000000000000000000e+01 4.378490934994665622e+02
1.250000000000000000e+01 4.330852806666258630e+02
1.500000000000000000e+01 4.288961926843751371e+02
1.750000000000000000e+01 4.247491490447290516e+02
2.000000000000000000e+01 4.202665643533384241e+02
2.250000000000000000e+01 4.156780409343267593e+02
2.500000000000000000e+01 4.111658565203185276e+02
2.750000000000000000e+01 4.068986786636831994e+02
3.000000000000000000e+01 4.029626839455142999e+02
3.250000000000000000e+01 3.991532742104303111e+02
3.500000000000000000e+01 3.953284086696323243e+02
3.750000000000000000e+01 3.914632373218638008e+02
4.000000000000000000e+01 3.873585209221767514e+02
4.250000000000000000e+01 3.834001417376125005e+02
4.500000000000000000e+01 3.797185377797864021e+02
4.750000000000000000e+01 3.760072705323678406e+02
5.000000000000000000e+01 3.723234771822915263e+02
5.250000000000000000e+01 3.687271115383290976e+02
5.500000000000000000e+01 3.652422652592505301e+02
5.750000000000000000e+01 3.621324088358339282e+02
6.000000000000000000e+01 3.606478200989479888e+02
6.250000000000000000e+01 3.605534379418230060e+02
6.500000000000000000e+01 3.607928783665051355e+02
6.750000000000000000e+01 3.610902682927600154e+02
7.000000000000000000e+01 3.612403241853363056e+02
7.250000000000000000e+01 3.613826926098518584e+02
7.500000000000000000e+01 3.615604686775484424e+02
7.750000000000000000e+01 3.619484700055307940e+02
8.000000000000000000e+01 3.623341767053383933e+02
8.250000000000000000e+01 3.624797156182855247e+02
8.500000000000000000e+01 3.627415426718741855e+02
8.750000000000000000e+01 3.630912986616096987e+02
9.000000000000000000e+01 3.633720729145535984e+02
9.250000000000000000e+01 3.637049150016059116e+02
9.500000000000000000e+01 3.640054053007877997e+02
9.750000000000000000e+01 3.643193151593715697e+02
1.000000000000000000e+02 3.646779116922406274e+02
1.025000000000000000e+02 3.650030248815365326e+02
1.050000000000000000e+02 3.653308981177683563e+02
1.075000000000000000e+02 3.656535044817049993e+02
1.100000000000000000e+02 3.660218342619302234e+02
1.125000000000000000e+02 3.664118869036703927e+02
1.150000000000000000e+02 3.668543975711834833e+02
1.175000000000000000e+02 3.672433525695275875e+02
1.200000000000000000e+02 3.676270494587859616e+02
1.225000000000000000e+02 3.681823622213249223e+02
1.250000000000000000e+02 3.687625376686584673e+02
1.275000000000000000e+02 3.692149095018236835e+02
1.300000000000000000e+02 3.697786313750514751e+02
1.325000000000000000e+02 3.703723972889034144e+02
1.350000000000000000e+02 3.710414055488075746e+02
1.375000000000000000e+02 3.718783054939011095e+02
1.400000000000000000e+02 3.725376149405553292e+02
1.425000000000000000e+02 3.733322190451906408e+02
1.450000000000000000e+02 3.744065351284866665e+02
1.475000000000000000e+02 3.753849456291424644e+02
1.500000000000000000e+02 3.758930389780420001e+02
1.525000000000000000e+02 3.764148841201377991e+02
1.550000000000000000e+02 3.767728317023361910e+02
1.575000000000000000e+02 3.706957332895317450e+02
1.600000000000000000e+02 3.639796892469179852e+02
1.625000000000000000e+02 3.633471367616410248e+02
1.650000000000000000e+02 3.634770953313672521e+02
1.675000000000000000e+02 3.635305719905350657e+02
1.700000000000000000e+02 3.635272745133194690e+02
