-1.500000000000000000e+02 8.272829736457429135e+02
-1.475000000000000000e+02 8.078356867146509330e+02
-1.450000000000000000e+02 7.890226893952798264e+02
-1.425000000000000000e+02 7.710178132894106966e+02
-1.400000000000000000e+02 7.534745364333793987e+02
-1.375000000000000000e+02 7.368628734080795084e+02
-1.350000000000000000e+02 7.206740783167980453e+02
-1.325000000000000000e+02 7.053414976320499363e+02
-1.300000000000000000e+02 6.903840660006118242e+02
-1.275000000000000000e+02 6.761899510923531125e+02
-1.250000000000000000e+02 6.621590750365656959e+02
-1.225000000000000000e+02 6.487744887835947338e+02
-1.200000000000000000e+02 6.355797598433429130e+02
-1.175000000000000000e+02 6.229280441146486282e+02
-1.150000000000000000e+02 6.103658620554260779e+02
-1.125000000000000000e+02 5.980638252169628686e+02
-1.100000000000000000e+02 5.857643150718004108e+02
-1.075000000000000000e+02 5.735732540352411206e+02
-1.050000000000000000e+02 5.614976537814136464e+02
-1.025000000000000000e+02 5.495829339998851992e+02
-1.000000000000000000e+02 5.378676204780092576e+02
-9.750000000000000000e+01 5.263680837494166553e+02
-9.500000000000000000e+01 5.150942686315105448e+02
-9.250000000000000000e+01 5.040540918181314964e+02
-9.000000000000000000e+01 4.932544741952273739e+02
-8.750000000000000000e+01 4.828041837209984806e+02
-8.500000000000000000e+01 4.725064411200932000e+02
-8.250000000000000000e+01 4.625729784498628305e+02
-8.000000000000000000e+01 4.528158081110046282e+02
-7.750000000000000000e+01 4.433485697096825788e+02
-7.500000000000000000e+01 4.341886815413810154e+02
-7.250000000000000000e+01 4.253601047361886458e+02
-7.000000000000000000e+01 4.168952400537050380e+02
-6.750000000000000000e+01 4.088408531416215510e+02
-6.500000000000000000e+01 4.012878623306815484e+02
-6.250000000000000000e+01 3.944325508443309332e+02
-6.000000000000000000e+01 3.882353935242769580e+02
-5.750000000000000000e+01 3.828506433295268607e+02
-5.500000000000000000e+01 3.779805693602243082e+02
-5.250000000000000000e+01 3.737095334212344824e+02
-5.000000000000000000e+01 3.697351502258156302e+02
-4.750000000000000000e+01 3.659362701621216161e+02
-4.500000000000000000e+01 3.621663222441225116e+02
-4.250000000000000000e+01 3.584252486215663112e+02
-4.000000000000000000e+01 3.547344545982557520e+02
-3.750000000000000000e+01 3.511500691081567425e+02
-3.500000000000000000e+01 3.479000096888081544e+02
-3.250000000000000000e+01 3.442226515470263166e+02
-3.000000000000000000e+01 3.396890586356228141e+02
-2.750000000000000000e+01 3.347305984451307381e+02
-2.500000000000000000e+01 3.296332060786662623e+02
-2.250000000000000000e+01 3.246223950149538382e+02
-2.000000000000000000e+01 3.198460178285488382e+02
-1.750000000000000000e+01 3.153637177728834899e+02
-1.500000000000000000e+01 3.112561188298592469e+02
-1.250000000000000000e+01 3.076454773013076078e+02
-1.000000000000000000e+01 3.048511758278493744e+02
-7.500000000000000000e+00 3.031499131369319002e+02
-5.000000000000000000e+00 3.028053038694071688e+02
-2.500000000000000000e+00 3.042467328580805770e+02
0.000000000000000000e+00 3.063991562974492808e+02
2.500000000000000000e+00 3.073263160513729986e+02
5.000000000000000000e+00 3.074345184522905470e+02
7.500000000000000000e+00 3.075193337539500362e+02
1.000000000000000000e+01 3.075890659596487922e+02
1.250000000000000000e+01 3.075899443486635505e+02
1.500000000000000000e+01 3.074070137999461849e+02
1.750000000000000000e+01 3.073426548653616237e+02
2.000000000000000000e+01 3.076674510532872091e+02
2.250000000000000000e+01 3.079976257434999525e+02
2.500000000000000000e+01 3.081003981480147331e+02
2.750000000000000000e+01 3.079994060938401503e+02
3.000000000000000000e+01 3.078319421979693971e+02
3.250000000000000000e+01 3.080114202653071516e+02
3.500000000000000000e+01 3.084018583040416388e+02
3.750000000000000000e+01 3.086397307586462944e+02
4.000000000000000000e+01 3.088103218155603713e+02
4.250000000000000000e+01 3.089941336723568952e+02
4.500000000000000000e+01 3.091920820271493540e+02
4.750000000000000000e+01 3.093604214222546602e+02
5.000000000000000000e+01 3.094060777990948168e+02
5.250000000000000000e+01 3.091729952223238342e+02
5.500000000000000000e+01 3.092048091529507587e+02
5.750000000000000000e+01 3.097064417892880215e+02
6.000000000000000000e+01 3.100802224604779553e+02
6.250000000000000000e+01 3.102601494422737574e+02
6.500000000000000000e+01 3.103456812350146947e+02
6.750000000000000000e+01 3.103443941575752092e+02
7.000000000000000000e+01 3.105196199699838076e+02
7.250000000000000000e+01 3.111667024579930967e+02
7.500000000000000000e+01 3.116774199409182415e+02
7.750000000000000000e+01 3.118327233058342358e+02
8.000000000000000000e+01 3.119357694322748102e+02
8.250000000000000000e+01 3.121744233817158261e+02
8.500000000000000000e+01 3.126874473617100421e+02
8.750000000000000000e+01 3.131023673675373402e+02
9.000000000000000000e+01 3.131787359296924933e+02
9.250000000000000000e+01 3.132344901232906977e+02
9.500000000000000000e+01 3.138158183088193027e+02
9.750000000000000000e+01 3.145964777840969191e+02
1.000000000000000000e+02 3.151857263502873252e+02
1.025000000000000000e+02 3.155175171734722994e+02
1.050000000000000000e+02 3.152439894795805344e+02
1.075000000000000000e+02 3.154388723228066738e+02
1.100000000000000000e+02 3.166085770938450992e+02
1.125000000000000000e+02 3.173557436802855136e+02
1.150000000000000000e+02 3.177297199314870113e+02
1.175000000000000000e+02 3.182022890253938385e+02
1.200000000000000000e+02 3.184357558692975090e+02
1.225000000000000000e+02 3.180508510582477584e+02
1.250000000000000000e+02 3.166643256694156321e+02
1.275000000000000000e+02 3.151004447381724276e+02
1.300000000000000000e+02 3.141055313587573892e+02
1.325000000000000000e+02 3.125210317426293614e+02
1.350000000000000000e+02 3.109651435200372589e+02
1.375000000000000000e+02 3.099498023230052013e+02
1.400000000000000000e+02 3.080962520029046914e+02
1.425000000000000000e+02 3.066320458710035837e+02
1.450000000000000000e+02 3.049299707261417325e+02
1.475000000000000000e+02 3.021524118912946619e+02
1.500000000000000000e+02 3.005876790152748868e+02
1.525000000000000000e+02 3.003540272600931189e+02
1.550000000000000000e+02 3.003535075275481177e+02
1.575000000000000000e+02 3.003525808430587745e+02
1.600000000000000000e+02 3.003516288140939423e+02
1.625000000000000000e+02 3.003506035292725187e+02
1.650000000000000000e+02 3.003495974231503283e+02
1.675000000000000000e+02 3.003485560360542763e+02
1.700000000000000000e+02 3.003473986016825279e+02
1.725000000000000000e+02 3.003462201920300458e+02
1.750000000000000000e+02 3.003449987856795360e+02
1.775000000000000000e+02 3.003437151984618367e+02
1.800000000000000000e+02 3.003423554119976870e+02
1.825000000000000000e+02 3.003409334454825057e+02
1.850000000000000000e+02 3.003394340587250895e+02
1.875000000000000000e+02 3.003378448476906328e+02
1.900000000000000000e+02 3.003361740020019965e+02
1.925000000000000000e+02 3.003343846134937394e+02
1.950000000000000000e+02 3.003324755626985620e+02
1.975000000000000000e+02 3.003304333397028927e+02
2.000000000000000000e+02 3.003282324658716789e+02
