-1.500000000000000000e+02 5.186393060399710748e+02
-1.475000000000000000e+02 5.124098620283907621e+02
-1.450000000000000000e+02 5.063338720532973412e+02
-1.425000000000000000e+02 5.004701111896218890e+02
-1.400000000000000000e+02 4.947065061548395306e+02
-1.375000000000000000e+02 4.891991184192027049e+02
-1.350000000000000000e+02 4.837817577182045170e+02
-1.325000000000000000e+02 4.786024004428007856e+02
-1.300000000000000000e+02 4.735009559544983517e+02
-1.275000000000000000e+02 4.686114701778931249e+02
-1.250000000000000000e+02 4.637280545910745104e+02
-1.225000000000000000e+02 4.590203945557433372e+02
-1.200000000000000000e+02 4.543256108566143894e+02
-1.175000000000000000e+02 4.497601741905823474e+02
-1.150000000000000000e+02 4.451648030174446262e+02
-1.125000000000000000e+02 4.406092094109657182e+02
-1.100000000000000000e+02 4.359902061988397008e+02
-1.075000000000000000e+02 4.313322885183977178e+02
-1.050000000000000000e+02 4.266384229722203827e+02
-1.025000000000000000e+02 4.219494705772869452e+02
-1.000000000000000000e+02 4.172992295470745034e+02
-9.750000000000000000e+01 4.126996423126097397e+02
-9.500000000000000000e+01 4.081566083547713788e+02
-9.250000000000000000e+01 4.036738515386031736e+02
-9.000000000000000000e+01 3.992541263708130828e+02
-8.750000000000000000e+01 3.949431415811066017e+02
-8.500000000000000000e+01 3.906601820553073594e+02
-8.250000000000000000e+01 3.864931331982637062e+02
-8.000000000000000000e+01 3.823624264707869429e+02
-7.750000000000000000e+01 3.783148082532156877e+02
-7.500000000000000000e+01 3.743571815976168864e+02
-7.250000000000000000e+01 3.704990463579826496e+02
-7.000000000000000000e+01 3.667528706384018733e+02
-6.750000000000000000e+01 3.631372952203595901e+02
-6.500000000000000000e+01 3.596977777309003841e+02
-6.250000000000000000e+01 3.565519936105272905e+02
-6.000000000000000000e+01 3.536910824561822437e+02
-5.750000000000000000e+01 3.511758807427484044e+02
-5.500000000000000000e+01 3.488758409619226200e+02
-5.250000000000000000e+01 3.468436739433616935e+02
-5.000000000000000000e+01 3.449374738368933322e+02
-4.750000000000000000e+01 3.430863714794028283e+02
-4.500000000000000000e+01 3.412378197527838779e+02
-4.250000000000000000e+01 3.394264570959676348e+02
-4.000000000000000000e+01 3.376870706692797626e+02
-3.750000000000000000e+01 3.361058149423988084e+02
-3.500000000000000000e+01 3.349072372733864995e+02
-3.250000000000000000e+01 3.335701607212663475e+02
-3.000000000000000000e+01 3.314862698161012418e+02
-2.750000000000000000e+01 3.287602771586847439e+02
-2.500000000000000000e+01 3.256783826698560347e+02
-2.250000000000000000e+01 3.224851045780404775e+02
-2.000000000000000000e+01 3.192920345950243473e+02
-1.750000000000000000e+01 3.161134609592643869e+02
-1.500000000000000000e+01 3.129994762915214324e+02
-1.250000000000000000e+01 3.099526600356385870e+02
-1.000000000000000000e+01 3.071343982138404840e+02
-7.500000000000000000e+00 3.049818356884352397e+02
-5.000000000000000000e+00 3.029391777117309061e+02
-2.500000000000000000e+00 3.037115866700220295e+02
0.000000000000000000e+00 3.042436417698896207e+02
2.500000000000000000e+00 3.030478675299948463e+02
5.000000000000000000e+00 3.049026737387214894e+02
7.500000000000000000e+00 3.047504180530471558e+02
1.000000000000000000e+01 3.032021689170436503e+02
1.250000000000000000e+01 3.050462834862988757e+02
1.500000000000000000e+01 3.049289718847314816e+02
1.750000000000000000e+01 3.033658854713641517e+02
2.000000000000000000e+01 3.052385425250323578e+02
2.250000000000000000e+01 3.050927417467745499e+02
2.500000000000000000e+01 3.035577706490755077e+02
2.750000000000000000e+01 3.054818457700297358e+02
3.000000000000000000e+01 3.052428385278213909e+02
3.250000000000000000e+01 3.037863659586807898e+02
3.500000000000000000e+01 3.057723719221509100e+02
3.750000000000000000e+01 3.053790051398584069e+02
4.000000000000000000e+01 3.040722103606253768e+02
4.250000000000000000e+01 3.061095995697428975e+02
4.500000000000000000e+01 3.055030438035016118e+02
4.750000000000000000e+01 3.044399633513177719e+02
5.000000000000000000e+01 3.064878208179234775e+02
5.250000000000000000e+01 3.056176149615561144e+02
5.500000000000000000e+01 3.049200361271667816e+02
5.750000000000000000e+01 3.069027484956378089e+02
6.000000000000000000e+01 3.057334146835927982e+02
6.250000000000000000e+01 3.055405583299818773e+02
6.500000000000000000e+01 3.073495274766191301e+02
6.750000000000000000e+01 3.058756963465270360e+02
7.000000000000000000e+01 3.063200860076523213e+02
7.250000000000000000e+01 3.078264116973815021e+02
7.500000000000000000e+01 3.060970734318278801e+02
7.750000000000000000e+01 3.072578125927047950e+02
8.000000000000000000e+01 3.083339464741383154e+02
8.250000000000000000e+01 3.064890394429386333e+02
8.500000000000000000e+01 3.083397611058711050e+02
8.750000000000000000e+01 3.088834687229747260e+02
9.000000000000000000e+01 3.071863879148927481e+02
9.250000000000000000e+01 3.095506341814284497e+02
9.500000000000000000e+01 3.094936573644681630e+02
9.750000000000000000e+01 3.083427186951358863e+02
1.000000000000000000e+02 3.108921495211632759e+02
1.025000000000000000e+02 3.102010601952632101e+02
1.050000000000000000e+02 3.100715721744281268e+02
1.075000000000000000e+02 3.123765384289135909e+02
1.100000000000000000e+02 3.110668861685131787e+02
1.125000000000000000e+02 3.123121760259305120e+02
1.150000000000000000e+02 3.139921306692673966e+02
1.175000000000000000e+02 3.121492989880990194e+02
1.200000000000000000e+02 3.137924319681342240e+02
1.225000000000000000e+02 3.129565914477486785e+02
1.250000000000000000e+02 3.093653906678859471e+02
1.275000000000000000e+02 3.056479928003029158e+02
1.300000000000000000e+02 3.013716201564579364e+02
1.325000000000000000e+02 3.005048252919518177e+02
1.350000000000000000e+02 3.006029826275585037e+02
1.375000000000000000e+02 3.005800642539714431e+02
1.400000000000000000e+02 3.005620006081165343e+02
1.425000000000000000e+02 3.005399531299719342e+02
1.450000000000000000e+02 3.005102758720738052e+02
1.475000000000000000e+02 3.004598042604935131e+02
1.500000000000000000e+02 3.003917290990331708e+02
1.525000000000000000e+02 3.003552216893485820e+02
1.550000000000000000e+02 3.003530053248817921e+02
1.575000000000000000e+02 3.003515218060204575e+02
1.600000000000000000e+02 3.003500350168744717e+02
1.625000000000000000e+02 3.003484991324625639e+02
1.650000000000000000e+02 3.003470026055947528e+02
1.675000000000000000e+02 3.003454921295070221e+02
1.700000000000000000e+02 3.003438902068831453e+02
1.725000000000000000e+02 3.003422880986249766e+02
1.750000000000000000e+02 3.003406643798891196e+02
1.775000000000000000e+02 3.003390007940596433e+02
1.800000000000000000e+02 3.003372814333682754e+02
1.825000000000000000e+02 3.003355212568080219e+02
1.850000000000000000e+02 3.003337065019721877e+02
1.875000000000000000e+02 3.003318225120793272e+02
1.900000000000000000e+02 3.003298779105904828e+02
1.925000000000000000e+02 3.003278370041089715e+02
1.950000000000000000e+02 3.003256977211785852e+02
1.975000000000000000e+02 3.003234462879173634e+02
2.000000000000000000e+02 3.003210570472946870e+02
