-1.500000000000000000e+02 8.315951839157065706e+02
-1.475000000000000000e+02 8.227631708668557167e+02
-1.450000000000000000e+02 8.132471766290734649e+02
-1.425000000000000000e+02 8.035715468381042683e+02
-1.400000000000000000e+02 7.934396013690784457e+02
-1.375000000000000000e+02 7.833004968748604142e+02
-1.350000000000000000e+02 7.728820483313859313e+02
-1.325000000000000000e+02 7.622891729790442241e+02
-1.300000000000000000e+02 7.516041184653261098e+02
-1.275000000000000000e+02 7.406114879507447313e+02
-1.250000000000000000e+02 7.299476885968592796e+02
-1.225000000000000000e+02 7.192584909703894027e+02
-1.200000000000000000e+02 7.089517494960903150e+02
-1.175000000000000000e+02 6.986063826319448253e+02
-1.150000000000000000e+02 6.886246665572464281e+02
-1.125000000000000000e+02 6.787037061695323246e+02
-1.100000000000000000e+02 6.689497311955415171e+02
-1.075000000000000000e+02 6.594623167569309317e+02
-1.050000000000000000e+02 6.499654742724951575e+02
-1.025000000000000000e+02 6.408399735516561577e+02
-1.000000000000000000e+02 6.317314675455950237e+02
-9.750000000000000000e+01 6.230072413388422774e+02
-9.500000000000000000e+01 6.143276670316636228e+02
-9.250000000000000000e+01 6.060391597513948909e+02
-9.000000000000000000e+01 5.978876577661922056e+02
-8.750000000000000000e+01 5.899598320419941047e+02
-8.500000000000000000e+01 5.823361815244945774e+02
-8.250000000000000000e+01 5.748036456553718381e+02
-8.000000000000000000e+01 5.676726024035482396e+02
-7.750000000000000000e+01 5.606703484706774816e+02
-7.500000000000000000e+01 5.540877494913452210e+02
-7.250000000000000000e+01 5.476778568318646876e+02
-7.000000000000000000e+01 5.416962989867661236e+02
-6.750000000000000000e+01 5.359372671891575237e+02
-6.500000000000000000e+01 5.304486681899371661e+02
-6.250000000000000000e+01 5.252796546539748306e+02
-6.000000000000000000e+01 5.202754136985046216e+02
-5.750000000000000000e+01 5.156266177712789158e+02
-5.500000000000000000e+01 5.111356636313730633e+02
-5.250000000000000000e+01 5.069617279564845376e+02
-5.000000000000000000e+01 5.029229112042977476e+02
-4.750000000000000000e+01 4.991339213585166590e+02
-4.500000000000000000e+01 4.949670472286901486e+02
-4.250000000000000000e+01 4.908863809730456182e+02
-4.000000000000000000e+01 4.876872458109523905e+02
-3.750000000000000000e+01 4.846306205034756545e+02
-3.500000000000000000e+01 4.814249395255479840e+02
-3.250000000000000000e+01 4.780293848643291312e+02
-3.000000000000000000e+01 4.745494279296063382e+02
-2.750000000000000000e+01 4.711084983389370677e+02
-2.500000000000000000e+01 4.683424320446612796e+02
-2.250000000000000000e+01 4.659175993103403925e+02
-2.000000000000000000e+01 4.634719446459144478e+02
-1.750000000000000000e+01 4.608402146206401540e+02
-1.500000000000000000e+01 4.576346469055317812e+02
-1.250000000000000000e+01 4.539115338556160282e+02
-1.000000000000000000e+01 4.499901798715110317e+02
-7.500000000000000000e+00 4.461367194814039294e+02
-5.000000000000000000e+00 4.421720568183353066e+02
-2.500000000000000000e+00 4.380810609099215753e+02
0.000000000000000000e+00 4.334565001790729184e+02
2.500000000000000000e+00 4.286805290228990657e+02
5.000000000000000000e+00 4.235948137433803709e+02
7.500000000000000000e+00 4.190305036639183527e+02
1.000000000000000000e+01 4.150575172762692091e+02
1.250000000000000000e+01 4.107696986602347806e+02
1.500000000000000000e+01 4.066653587288750487e+02
1.750000000000000000e+01 4.030375242635853965e+02
2.000000000000000000e+01 3.993170443625170947e+02
2.250000000000000000e+01 3.954049974888721408e+02
2.500000000000000000e+01 3.914204735488143569e+02
2.750000000000000000e+01 3.872681314280189895e+02
3.000000000000000000e+01 3.831402046621926729e+02
3.250000000000000000e+01 3.792497001069976932e+02
3.500000000000000000e+01 3.754396578848881063e+02
3.750000000000000000e+01 3.717377722680136571e+02
4.000000000000000000e+01 3.682233391506469502e+02
4.250000000000000000e+01 3.648117826529251033e+02
4.500000000000000000e+01 3.614965284847268663e+02
4.750000000000000000e+01 3.594659549821315636e+02
5.000000000000000000e+01 3.592537894901224718e+02
5.250000000000000000e+01 3.596425094864291623e+02
5.500000000000000000e+01 3.598896142177206343e+02
5.750000000000000000e+01 3.600074218576046405e+02
6.000000000000000000e+01 3.601349178555539083e+02
6.250000000000000000e+01 3.603223392214848673e+02
6.500000000000000000e+01 3.607003067371470024e+02
6.750000000000000000e+01 3.610572207511025908e+02
7.000000000000000000e+01 3.612559358619093359e+02
7.250000000000000000e+01 3.614533867386299448e+02
7.500000000000000000e+01 3.617492870434911083e+02
7.750000000000000000e+01 3.620526052040549985e+02
8.000000000000000000e+01 3.621811607654672116e+02
8.250000000000000000e+01 3.624517025835001505e+02
8.500000000000000000e+01 3.629881250188595345e+02
8.750000000000000000e+01 3.631939784722429181e+02
9.000000000000000000e+01 3.632507165775406861e+02
9.250000000000000000e+01 3.636226842725212123e+02
9.500000000000000000e+01 3.639731022444677251e+02
9.750000000000000000e+01 3.642914799125007903e+02
1.000000000000000000e+02 3.646243952117801541e+02
1.025000000000000000e+02 3.649575570115096639e+02
1.050000000000000000e+02 3.653667404395948779e+02
1.075000000000000000e+02 3.656669047658026557e+02
1.100000000000000000e+02 3.659929224595061896e+02
1.125000000000000000e+02 3.664291052506893607e+02
1.150000000000000000e+02 3.667937147546316510e+02
1.175000000000000000e+02 3.673140717035394118e+02
1.200000000000000000e+02 3.678051323933930803e+02
1.225000000000000000e+02 3.682384718889425130e+02
1.250000000000000000e+02 3.688086430775151143e+02
1.275000000000000000e+02 3.693196387241021057e+02
1.300000000000000000e+02 3.699479824062457283e+02
1.325000000000000000e+02 3.705938411354290452e+02
1.350000000000000000e+02 3.712814798143140251e+02
1.375000000000000000e+02 3.718284517488847314e+02
1.400000000000000000e+02 3.722116181190629050e+02
1.425000000000000000e+02 3.731478523799737559e+02
1.450000000000000000e+02 3.743262774413915395e+02
1.475000000000000000e+02 3.753233599356551053e+02
1.500000000000000000e+02 3.759511138250030626e+02
1.525000000000000000e+02 3.765088934587429321e+02
1.550000000000000000e+02 3.767063176168735481e+02
1.575000000000000000e+02 3.707031962972295673e+02
1.600000000000000000e+02 3.640995527283425872e+02
1.625000000000000000e+02 3.633473643492525298e+02
1.650000000000000000e+02 3.634771488474443117e+02
1.675000000000000000e+02 3.635306018380547357e+02
1.700000000000000000e+02 3.635272920680938000e+02
