-1.500000000000000000e+02 8.860778609385557729e+02
-1.475000000000000000e+02 8.764735268008180356e+02
-1.450000000000000000e+02 8.658668616712017183e+02
-1.425000000000000000e+02 8.549029789513043625e+02
-1.400000000000000000e+02 8.432920875214535954e+02
-1.375000000000000000e+02 8.315852639923200513e+02
-1.350000000000000000e+02 8.195001795109121758e+02
-1.325000000000000000e+02 8.071825027998118003e+02
-1.300000000000000000e+02 7.947336529351338186e+02
-1.275000000000000000e+02 7.819046467832865801e+02
-1.250000000000000000e+02 7.694848000475622030e+02
-1.225000000000000000e+02 7.571112211305355686e+02
-1.200000000000000000e+02 7.452666941259005853e+02
-1.175000000000000000e+02 7.334697799371922429e+02
-1.150000000000000000e+02 7.221798383447637661e+02
-1.125000000000000000e+02 7.110499193114078480e+02
-1.100000000000000000e+02 7.001975024321103547e+02
-1.075000000000000000e+02 6.897272935510941352e+02
-1.050000000000000000e+02 6.793292695566724433e+02
-1.025000000000000000e+02 6.694137631752669222e+02
-1.000000000000000000e+02 6.595890140992192983e+02
-9.750000000000000000e+01 6.502443396004736087e+02
-9.500000000000000000e+01 6.410100596744384802e+02
-9.250000000000000000e+01 6.322480382239684786e+02
-9.000000000000000000e+01 6.236827067722522315e+02
-8.750000000000000000e+01 6.153986326397809989e+02
-8.500000000000000000e+01 6.074783643117273186e+02
-8.250000000000000000e+01 5.997026729261044693e+02
-8.000000000000000000e+01 5.923888823584654801e+02
-7.750000000000000000e+01 5.852527170024327461e+02
-7.500000000000000000e+01 5.785840212394425635e+02
-7.250000000000000000e+01 5.721262836410430737e+02
-7.000000000000000000e+01 5.661297087298827364e+02
-6.750000000000000000e+01 5.603802017545178842e+02
-6.500000000000000000e+01 5.549145021224865104e+02
-6.250000000000000000e+01 5.497683845534597822e+02
-6.000000000000000000e+01 5.447792217242426887e+02
-5.750000000000000000e+01 5.401343305864979811e+02
-5.500000000000000000e+01 5.356393669924041205e+02
-5.250000000000000000e+01 5.314604370546626342e+02
-5.000000000000000000e+01 5.274184020078636195e+02
-4.750000000000000000e+01 5.236392893167501370e+02
-4.500000000000000000e+01 5.195622213805163483e+02
-4.250000000000000000e+01 5.150510890562414943e+02
-4.000000000000000000e+01 5.112583647013811969e+02
-3.750000000000000000e+01 5.075915172632922463e+02
-3.500000000000000000e+01 5.041690788241794507e+02
-3.250000000000000000e+01 5.005690958203736045e+02
-3.000000000000000000e+01 4.967374067655218823e+02
-2.750000000000000000e+01 4.933224648485244188e+02
-2.500000000000000000e+01 4.902357145440247450e+02
-2.250000000000000000e+01 4.876822531768349336e+02
-2.000000000000000000e+01 4.850603484955278191e+02
-1.750000000000000000e+01 4.818389753572730001e+02
-1.500000000000000000e+01 4.780806724218746240e+02
-1.250000000000000000e+01 4.739411268536484840e+02
-1.000000000000000000e+01 4.696250535558022534e+02
-7.500000000000000000e+00 4.652003418143059434e+02
-5.000000000000000000e+00 4.606574409278503026e+02
-2.500000000000000000e+00 4.564130305265981633e+02
0.000000000000000000e+00 4.518722687530280382e+02
2.500000000000000000e+00 4.470652004718874650e+02
5.000000000000000000e+00 4.420151811486274482e+02
7.500000000000000000e+00 4.367418532901962180e+02
1.000000000000000000e+01 4.313658675264950944e+02
1.250000000000000000e+01 4.268059125237169837e+02
1.500000000000000000e+01 4.225804650314496484e+02
1.750000000000000000e+01 4.180608937784186310e+02
2.000000000000000000e+01 4.138740570955810654e+02
2.250000000000000000e+01 4.100455582145547169e+02
2.500000000000000000e+01 4.061747788799783621e+02
2.750000000000000000e+01 4.021360961653522281e+02
3.000000000000000000e+01 3.979837830076124305e+02
3.250000000000000000e+01 3.938312631229043745e+02
3.500000000000000000e+01 3.896788227147462749e+02
3.750000000000000000e+01 3.854260893657406086e+02
4.000000000000000000e+01 3.815929973477254293e+02
4.250000000000000000e+01 3.780385716260227582e+02
4.500000000000000000e+01 3.742703360119772924e+02
4.750000000000000000e+01 3.705838695674813721e+02
5.000000000000000000e+01 3.670119862087444744e+02
5.250000000000000000e+01 3.635949920077979414e+02
5.500000000000000000e+01 3.608857423623380782e+02
5.750000000000000000e+01 3.598931793473600464e+02
6.000000000000000000e+01 3.601179050020179488e+02
6.250000000000000000e+01 3.603186648519965729e+02
6.500000000000000000e+01 3.606830391148322406e+02
6.750000000000000000e+01 3.611290297645750798e+02
7.000000000000000000e+01 3.613068794156000081e+02
7.250000000000000000e+01 3.614936001381826713e+02
7.500000000000000000e+01 3.618310619721149237e+02
7.750000000000000000e+01 3.620893992231304992e+02
8.000000000000000000e+01 3.621838798711820573e+02
8.250000000000000000e+01 3.623089304082673721e+02
8.500000000000000000e+01 3.626303168851915188e+02
8.750000000000000000e+01 3.630266859636584513e+02
9.000000000000000000e+01 3.633191604338479692e+02
9.250000000000000000e+01 3.637885493481139179e+02
9.500000000000000000e+01 3.641729348202418350e+02
9.750000000000000000e+01 3.643559522109450199e+02
1.000000000000000000e+02 3.646985579804724580e+02
1.025000000000000000e+02 3.650537184514597016e+02
1.050000000000000000e+02 3.653908564559582146e+02
1.075000000000000000e+02 3.656714901574226815e+02
1.100000000000000000e+02 3.659795089383580944e+02
1.125000000000000000e+02 3.664839451320917192e+02
1.150000000000000000e+02 3.670189334474350744e+02
1.175000000000000000e+02 3.673963298491203204e+02
1.200000000000000000e+02 3.676253934185497201e+02
1.225000000000000000e+02 3.679093849369982081e+02
1.250000000000000000e+02 3.683821990015605934e+02
1.275000000000000000e+02 3.691376281422479337e+02
1.300000000000000000e+02 3.697773060566153731e+02
1.325000000000000000e+02 3.703298731321549440e+02
1.350000000000000000e+02 3.711619499135152296e+02
1.375000000000000000e+02 3.720087876624452292e+02
1.400000000000000000e+02 3.727665405239232541e+02
1.425000000000000000e+02 3.735053801341224471e+02
1.450000000000000000e+02 3.744265907506741655e+02
1.475000000000000000e+02 3.752016867989775619e+02
1.500000000000000000e+02 3.757405871714362888e+02
1.525000000000000000e+02 3.764981907527329668e+02
1.550000000000000000e+02 3.768307337611740877e+02
1.575000000000000000e+02 3.706955544289247655e+02
1.600000000000000000e+02 3.639814206220590904e+02
1.625000000000000000e+02 3.633471269365925309e+02
1.650000000000000000e+02 3.634770924975726984e+02
1.675000000000000000e+02 3.635305708531666369e+02
1.700000000000000000e+02 3.635272741104363945e+02
