-1.500000000000000000e+02 4.847565041186459780e+02
-1.475000000000000000e+02 4.802863108733271247e+02
-1.450000000000000000e+02 4.759085320274002697e+02
-1.425000000000000000e+02 4.716652827855500618e+02
-1.400000000000000000e+02 4.674755206334962168e+02
-1.375000000000000000e+02 4.634535786958336985e+02
-1.350000000000000000e+02 4.594792977269595440e+02
-1.325000000000000000e+02 4.556624232926271816e+02
-1.300000000000000000e+02 4.518859379940018925e+02
-1.275000000000000000e+02 4.482497233327202935e+02
-1.250000000000000000e+02 4.446009137557259123e+02
-1.225000000000000000e+02 4.410666662286601536e+02
-1.200000000000000000e+02 4.375232045925177999e+02
-1.175000000000000000e+02 4.340535037953629285e+02
-1.150000000000000000e+02 4.305366768573194918e+02
-1.125000000000000000e+02 4.270284109562197727e+02
-1.100000000000000000e+02 4.234463941523847552e+02
-1.075000000000000000e+02 4.198039983057813060e+02
-1.050000000000000000e+02 4.161035633750331613e+02
-1.025000000000000000e+02 4.123852705730753314e+02
-1.000000000000000000e+02 4.086821034229671454e+02
-9.750000000000000000e+01 4.050051158333201329e+02
-9.500000000000000000e+01 4.013593107146222110e+02
-9.250000000000000000e+01 3.977474753213422787e+02
-9.000000000000000000e+01 3.941714791388000094e+02
-8.750000000000000000e+01 3.906685075216518044e+02
-8.500000000000000000e+01 3.871729743469594496e+02
-8.250000000000000000e+01 3.837566303974317634e+02
-8.000000000000000000e+01 3.803543319214816165e+02
-7.750000000000000000e+01 3.770046751331070709e+02
-7.500000000000000000e+01 3.737141652201288480e+02
-7.250000000000000000e+01 3.704915645977808936e+02
-7.000000000000000000e+01 3.673480760750314857e+02
-6.750000000000000000e+01 3.643003980523100154e+02
-6.500000000000000000e+01 3.613913876533896428e+02
-6.250000000000000000e+01 3.587368617779174542e+02
-6.000000000000000000e+01 3.563384149987865044e+02
-5.750000000000000000e+01 3.542434164930243696e+02
-5.500000000000000000e+01 3.523453499640730229e+02
-5.250000000000000000e+01 3.506909714605663453e+02
-5.000000000000000000e+01 3.491588862982500814e+02
-4.750000000000000000e+01 3.476748567919846664e+02
-4.500000000000000000e+01 3.461986160853681440e+02
-4.250000000000000000e+01 3.447769015047651351e+02
-4.000000000000000000e+01 3.434556095111196328e+02
-3.750000000000000000e+01 3.423497509041444573e+02
-3.500000000000000000e+01 3.417206603055176402e+02
-3.250000000000000000e+01 3.410055632520843574e+02
-3.000000000000000000e+01 3.394250529458765868e+02
-2.750000000000000000e+01 3.370216538901664194e+02
-2.500000000000000000e+01 3.341230177652866473e+02
-2.250000000000000000e+01 3.310140857023510534e+02
-2.000000000000000000e+01 3.277976290315755250e+02
-1.750000000000000000e+01 3.244714023322017056e+02
-1.500000000000000000e+01 3.210108746997139519e+02
-1.250000000000000000e+01 3.173589928089051000e+02
-1.000000000000000000e+01 3.135796212530978551e+02
-7.500000000000000000e+00 3.096323386870583363e+02
-5.000000000000000000e+00 3.058119814011897688e+02
-2.500000000000000000e+00 3.025421543764465468e+02
0.000000000000000000e+00 3.007436074248207660e+02
2.500000000000000000e+00 3.003749988452514117e+02
5.000000000000000000e+00 3.003681906472465926e+02
7.500000000000000000e+00 3.003632637281481266e+02
1.000000000000000000e+01 3.003585385804845487e+02
1.250000000000000000e+01 3.003539902822331555e+02
1.500000000000000000e+01 3.003502019749276997e+02
1.750000000000000000e+01 3.003470046166278280e+02
2.000000000000000000e+01 3.003438177720093449e+02
2.250000000000000000e+01 3.003410369984114254e+02
2.500000000000000000e+01 3.003383564670157853e+02
2.750000000000000000e+01 3.003355348033634300e+02
3.000000000000000000e+01 3.003327619731757636e+02
3.250000000000000000e+01 3.003301873364313224e+02
3.500000000000000000e+01 3.003278395259790159e+02
3.750000000000000000e+01 3.003256094733926602e+02
4.000000000000000000e+01 3.003234523677597281e+02
4.250000000000000000e+01 3.003214666006006155e+02
4.500000000000000000e+01 3.003195857272083344e+02
4.750000000000000000e+01 3.003176206105659389e+02
5.000000000000000000e+01 3.003160032131892763e+02
5.250000000000000000e+01 3.003144485546193891e+02
5.500000000000000000e+01 3.003127681229991026e+02
5.750000000000000000e+01 3.003113337695790506e+02
6.000000000000000000e+01 3.003099506045410294e+02
6.250000000000000000e+01 3.003086544319909876e+02
6.500000000000000000e+01 3.003075139950543075e+02
6.750000000000000000e+01 3.003063378304539128e+02
7.000000000000000000e+01 3.003051751897860413e+02
7.250000000000000000e+01 3.003040905536233254e+02
7.500000000000000000e+01 3.003028731589525364e+02
7.750000000000000000e+01 3.003016304086874584e+02
8.000000000000000000e+01 3.003004937467655964e+02
8.250000000000000000e+01 3.002994647262689796e+02
8.500000000000000000e+01 3.002985015034960838e+02
8.750000000000000000e+01 3.002975789966089337e+02
9.000000000000000000e+01 3.002966849748398772e+02
9.250000000000000000e+01 3.002958050977866264e+02
9.500000000000000000e+01 3.002949462053668981e+02
9.750000000000000000e+01 3.002940697838395181e+02
1.000000000000000000e+02 3.002931991464724888e+02
1.025000000000000000e+02 3.002924706076389612e+02
1.050000000000000000e+02 3.002918730437953627e+02
1.075000000000000000e+02 3.002912795087058839e+02
1.100000000000000000e+02 3.002905104914469234e+02
1.125000000000000000e+02 3.002896999220756129e+02
1.150000000000000000e+02 3.002890114679149747e+02
1.175000000000000000e+02 3.002883404514017798e+02
1.200000000000000000e+02 3.002877419984274070e+02
1.225000000000000000e+02 3.002870656281638730e+02
1.250000000000000000e+02 3.002863161142583976e+02
1.275000000000000000e+02 3.002856230034868190e+02
1.300000000000000000e+02 3.002849270740832708e+02
1.325000000000000000e+02 3.002842329883744128e+02
1.350000000000000000e+02 3.002835425553307118e+02
1.375000000000000000e+02 3.002828573448122711e+02
1.400000000000000000e+02 3.002821553301765221e+02
1.425000000000000000e+02 3.002814455016066972e+02
1.450000000000000000e+02 3.002807340937739582e+02
1.475000000000000000e+02 3.002800042283461153e+02
1.500000000000000000e+02 3.002792622941310583e+02
1.525000000000000000e+02 3.002785146620173578e+02
1.550000000000000000e+02 3.002777424691796568e+02
1.575000000000000000e+02 3.002769516530900091e+02
1.600000000000000000e+02 3.002761484506917782e+02
1.625000000000000000e+02 3.002752896802859937e+02
1.650000000000000000e+02 3.002744590437134207e+02
1.675000000000000000e+02 3.002736067778766937e+02
1.700000000000000000e+02 3.002726604559570660e+02
1.725000000000000000e+02 3.002717067443658721e+02
1.750000000000000000e+02 3.002707260620975944e+02
1.775000000000000000e+02 3.002697016083675976e+02
1.800000000000000000e+02 3.002686196524945785e+02
1.825000000000000000e+02 3.002674960461652063e+02
1.850000000000000000e+02 3.002663187368555100e+02
1.875000000000000000e+02 3.002650758904931649e+02
1.900000000000000000e+02 3.002637778752529130e+02
1.925000000000000000e+02 3.002623925943153722e+02
1.950000000000000000e+02 3.002609209103867443e+02
1.975000000000000000e+02 3.002593531806870715e+02
2.000000000000000000e+02 3.002576689550772926e+02
