-1.500000000000000000e+02 7.269548922446938377e+02
-1.475000000000000000e+02 7.119398453514945686e+02
-1.450000000000000000e+02 6.974074149254884105e+02
-1.425000000000000000e+02 6.834901106908023394e+02
-1.400000000000000000e+02 6.699191303627301295e+02
-1.375000000000000000e+02 6.570577608761261672e+02
-1.350000000000000000e+02 6.445122689411880401e+02
-1.325000000000000000e+02 6.326189221268525671e+02
-1.300000000000000000e+02 6.210049044450157680e+02
-1.275000000000000000e+02 6.099717243377215254e+02
-1.250000000000000000e+02 5.990526907798994216e+02
-1.225000000000000000e+02 5.886229421753796487e+02
-1.200000000000000000e+02 5.783209355224960291e+02
-1.175000000000000000e+02 5.684133586983393798e+02
-1.150000000000000000e+02 5.585489792788735031e+02
-1.125000000000000000e+02 5.488697068578444487e+02
-1.100000000000000000e+02 5.391713613217533521e+02
-1.075000000000000000e+02 5.295324222475999250e+02
-1.050000000000000000e+02 5.199583377497757510e+02
-1.025000000000000000e+02 5.104922417891282294e+02
-1.000000000000000000e+02 5.011702166953089090e+02
-9.750000000000000000e+01 4.920066647699618443e+02
-9.500000000000000000e+01 4.830100281243088602e+02
-9.250000000000000000e+01 4.741869554729184983e+02
-9.000000000000000000e+01 4.655433777256282610e+02
-8.750000000000000000e+01 4.571673695937392949e+02
-8.500000000000000000e+01 4.489020336114201655e+02
-8.250000000000000000e+01 4.409178589203696674e+02
-8.000000000000000000e+01 4.330639694482407549e+02
-7.750000000000000000e+01 4.254316681296984370e+02
-7.500000000000000000e+01 4.180348296005565203e+02
-7.250000000000000000e+01 4.108921566556732614e+02
-7.000000000000000000e+01 4.040286149258639625e+02
-6.750000000000000000e+01 3.974807025228882367e+02
-6.500000000000000000e+01 3.913241499188889065e+02
-6.250000000000000000e+01 3.857316315139918288e+02
-6.000000000000000000e+01 3.806752829090448813e+02
-5.750000000000000000e+01 3.762760789588432431e+02
-5.500000000000000000e+01 3.722945122513226579e+02
-5.250000000000000000e+01 3.688051064852709828e+02
-5.000000000000000000e+01 3.655598536632107880e+02
-4.750000000000000000e+01 3.624508765077487737e+02
-4.500000000000000000e+01 3.593641785042447054e+02
-4.250000000000000000e+01 3.563149665487221682e+02
-4.000000000000000000e+01 3.533318742984541814e+02
-3.750000000000000000e+01 3.504893677138522889e+02
-3.500000000000000000e+01 3.480278854727883981e+02
-3.250000000000000000e+01 3.452292338251127148e+02
-3.000000000000000000e+01 3.415449448940808566e+02
-2.750000000000000000e+01 3.372959199410898350e+02
-2.500000000000000000e+01 3.327831797569150467e+02
-2.250000000000000000e+01 3.282482125899961147e+02
-2.000000000000000000e+01 3.238284898953522202e+02
-1.750000000000000000e+01 3.195512752468106328e+02
-1.500000000000000000e+01 3.154735862526802634e+02
-1.250000000000000000e+01 3.116050493038388254e+02
-1.000000000000000000e+01 3.081200960009292658e+02
-7.500000000000000000e+00 3.054852507723862232e+02
-5.000000000000000000e+00 3.031266317144265940e+02
-2.500000000000000000e+00 3.037367916608928340e+02
0.000000000000000000e+00 3.042787818147876919e+02
2.500000000000000000e+00 3.030382147009418077e+02
5.000000000000000000e+00 3.048655227028850732e+02
7.500000000000000000e+00 3.047942624442580382e+02
1.000000000000000000e+01 3.031966570567425947e+02
1.250000000000000000e+01 3.050091128959387561e+02
1.500000000000000000e+01 3.049714470716764367e+02
1.750000000000000000e+01 3.033602822933932543e+02
2.000000000000000000e+01 3.052027264714407693e+02
2.250000000000000000e+01 3.051351576111942450e+02
2.500000000000000000e+01 3.035494986082291007e+02
2.750000000000000000e+01 3.054486348152419737e+02
3.000000000000000000e+01 3.052863802072899944e+02
3.250000000000000000e+01 3.037729714740229952e+02
3.500000000000000000e+01 3.057430449042618648e+02
3.750000000000000000e+01 3.054246081277137250e+02
4.000000000000000000e+01 3.040514813999777743e+02
4.250000000000000000e+01 3.060854563572579536e+02
4.500000000000000000e+01 3.055512494659495246e+02
4.750000000000000000e+01 3.044102529839908584e+02
5.000000000000000000e+01 3.064701188438774579e+02
5.250000000000000000e+01 3.056682145168254010e+02
5.500000000000000000e+01 3.048807884031311914e+02
5.750000000000000000e+01 3.068926768398332001e+02
6.000000000000000000e+01 3.057849801670106444e+02
6.250000000000000000e+01 3.054930829772686707e+02
6.500000000000000000e+01 3.073481536833226642e+02
6.750000000000000000e+01 3.059248205008349828e+02
7.000000000000000000e+01 3.062681105493153382e+02
7.250000000000000000e+01 3.078347481256506626e+02
7.500000000000000000e+01 3.061378212498293578e+02
7.750000000000000000e+01 3.072072269160667588e+02
8.000000000000000000e+01 3.083530408761538979e+02
8.250000000000000000e+01 3.065132219188426461e+02
8.500000000000000000e+01 3.082968377569141012e+02
8.750000000000000000e+01 3.089144059830126139e+02
9.000000000000000000e+01 3.071857792197957906e+02
9.250000000000000000e+01 3.095200266738708592e+02
9.500000000000000000e+01 3.095370601476402612e+02
9.750000000000000000e+01 3.083130961837262589e+02
1.000000000000000000e+02 3.108761258749216836e+02
1.025000000000000000e+02 3.102548349643068946e+02
1.050000000000000000e+02 3.100185072505856851e+02
1.075000000000000000e+02 3.123759731986081079e+02
1.100000000000000000e+02 3.111204864990324950e+02
1.125000000000000000e+02 3.122544602332585555e+02
1.150000000000000000e+02 3.140091989265619077e+02
1.175000000000000000e+02 3.121688618857921824e+02
1.200000000000000000e+02 3.137531632436762834e+02
1.225000000000000000e+02 3.130064162955943630e+02
1.250000000000000000e+02 3.093302993739382600e+02
1.275000000000000000e+02 3.056008777575143540e+02
1.300000000000000000e+02 3.014002844833531753e+02
1.325000000000000000e+02 3.005013236919451174e+02
1.350000000000000000e+02 3.006021634742786546e+02
1.375000000000000000e+02 3.005793259683798055e+02
1.400000000000000000e+02 3.005613021143511219e+02
1.425000000000000000e+02 3.005393065711541567e+02
1.450000000000000000e+02 3.005096993446038596e+02
1.475000000000000000e+02 3.004593488904568517e+02
1.500000000000000000e+02 3.003914430585104469e+02
1.525000000000000000e+02 3.003550282676692973e+02
1.550000000000000000e+02 3.003528161914784960e+02
1.575000000000000000e+02 3.003513347120176036e+02
1.600000000000000000e+02 3.003498499208358794e+02
1.625000000000000000e+02 3.003483160000567409e+02
1.650000000000000000e+02 3.003468213927226884e+02
1.675000000000000000e+02 3.003453128011736339e+02
1.700000000000000000e+02 3.003437127406738227e+02
1.725000000000000000e+02 3.003421124627342351e+02
1.750000000000000000e+02 3.003404905476831459e+02
1.775000000000000000e+02 3.003388287430460650e+02
1.800000000000000000e+02 3.003371111471894324e+02
1.825000000000000000e+02 3.003353527220285741e+02
1.850000000000000000e+02 3.003335397098625776e+02
1.875000000000000000e+02 3.003316574615779473e+02
1.900000000000000000e+02 3.003297146055688245e+02
1.925000000000000000e+02 3.003276754575629752e+02
1.950000000000000000e+02 3.003255379540686363e+02
1.975000000000000000e+02 3.003232883319022335e+02
2.000000000000000000e+02 3.003209009472578259e+02
