-1.500000000000000000e+02 1.207031741170002988e+03
-1.475000000000000000e+02 1.189786902949875184e+03
-1.450000000000000000e+02 1.171068564341694582e+03
-1.425000000000000000e+02 1.151983074229093290e+03
-1.400000000000000000e+02 1.131985229340124988e+03
-1.375000000000000000e+02 1.111981406598721151e+03
-1.350000000000000000e+02 1.091441439581038139e+03
-1.325000000000000000e+02 1.070565084154785836e+03
-1.300000000000000000e+02 1.049483563581321960e+03
-1.275000000000000000e+02 1.027788585735271454e+03
-1.250000000000000000e+02 1.006796974678261790e+03
-1.225000000000000000e+02 9.858291087363808174e+02
-1.200000000000000000e+02 9.656748186602126225e+02
-1.175000000000000000e+02 9.455005091265525152e+02
-1.150000000000000000e+02 9.260811089096713431e+02
-1.125000000000000000e+02 9.068156813575272963e+02
-1.100000000000000000e+02 8.878985114362030799e+02
-1.075000000000000000e+02 8.695104101581115401e+02
-1.050000000000000000e+02 8.511068264031429180e+02
-1.025000000000000000e+02 8.334155175475366377e+02
-1.000000000000000000e+02 8.157394852256423974e+02
-9.750000000000000000e+01 7.987824737370522143e+02
-9.500000000000000000e+01 7.818785610922095657e+02
-9.250000000000000000e+01 7.657009288046488109e+02
-9.000000000000000000e+01 7.497596892381122871e+02
-8.750000000000000000e+01 7.342302240085442691e+02
-8.500000000000000000e+01 7.192732883129373249e+02
-8.250000000000000000e+01 7.044642907503862261e+02
-8.000000000000000000e+01 6.904027037830334166e+02
-7.750000000000000000e+01 6.765390329607345166e+02
-7.500000000000000000e+01 6.634355792097222775e+02
-7.250000000000000000e+01 6.505966023743285405e+02
-7.000000000000000000e+01 6.385362123709539901e+02
-6.750000000000000000e+01 6.268438522334922709e+02
-6.500000000000000000e+01 6.156118275119476948e+02
-6.250000000000000000e+01 6.049384498234815055e+02
-6.000000000000000000e+01 5.945146550350223151e+02
-5.750000000000000000e+01 5.847634600865186485e+02
-5.500000000000000000e+01 5.753027519491299699e+02
-5.250000000000000000e+01 5.665086304288865904e+02
-5.000000000000000000e+01 5.580330286651008009e+02
-4.750000000000000000e+01 5.502025770098291559e+02
-4.500000000000000000e+01 5.427618488884045291e+02
-4.250000000000000000e+01 5.357812666492657172e+02
-4.000000000000000000e+01 5.293027040987047940e+02
-3.750000000000000000e+01 5.231132393349855647e+02
-3.500000000000000000e+01 5.171680978530137054e+02
-3.250000000000000000e+01 5.105904614347286952e+02
-3.000000000000000000e+01 5.048463257864109437e+02
-2.750000000000000000e+01 5.002987807335688331e+02
-2.500000000000000000e+01 4.964187322735402859e+02
-2.250000000000000000e+01 4.926874783706509220e+02
-2.000000000000000000e+01 4.880823504896627583e+02
-1.750000000000000000e+01 4.830341119103619576e+02
-1.500000000000000000e+01 4.781067434630474509e+02
-1.250000000000000000e+01 4.731129718300452396e+02
-1.000000000000000000e+01 4.684236665302756819e+02
-7.500000000000000000e+00 4.641204554706685030e+02
-5.000000000000000000e+00 4.595506257807114707e+02
-2.500000000000000000e+00 4.552251734555676421e+02
0.000000000000000000e+00 4.507581965812621547e+02
2.500000000000000000e+00 4.459016487034456304e+02
5.000000000000000000e+00 4.407614330177927968e+02
7.500000000000000000e+00 4.355446509081049271e+02
1.000000000000000000e+01 4.302856963207219110e+02
1.250000000000000000e+01 4.252885800459084180e+02
1.500000000000000000e+01 4.209221852054132569e+02
1.750000000000000000e+01 4.169629818592460424e+02
2.000000000000000000e+01 4.128904338694891862e+02
2.250000000000000000e+01 4.087889418975798890e+02
2.500000000000000000e+01 4.046574071895817042e+02
2.750000000000000000e+01 4.004831704430434343e+02
3.000000000000000000e+01 3.963533020418990986e+02
3.250000000000000000e+01 3.922590776329982418e+02
3.500000000000000000e+01 3.879692443453716919e+02
3.750000000000000000e+01 3.840168087784536510e+02
4.000000000000000000e+01 3.804808216603759092e+02
4.250000000000000000e+01 3.768421878270908678e+02
4.500000000000000000e+01 3.731442717182513320e+02
4.750000000000000000e+01 3.694761537197149437e+02
5.000000000000000000e+01 3.659526973225196684e+02
5.250000000000000000e+01 3.626046925865023240e+02
5.500000000000000000e+01 3.603515397413228243e+02
5.750000000000000000e+01 3.599057727858690896e+02
6.000000000000000000e+01 3.601167394142370313e+02
6.250000000000000000e+01 3.602812649961980469e+02
6.500000000000000000e+01 3.605454385878439325e+02
6.750000000000000000e+01 3.609671972913586160e+02
7.000000000000000000e+01 3.613861921653452782e+02
7.250000000000000000e+01 3.614487027178703897e+02
7.500000000000000000e+01 3.614664871866041267e+02
7.750000000000000000e+01 3.617738693177360005e+02
8.000000000000000000e+01 3.622284908614002461e+02
8.250000000000000000e+01 3.626039018376113745e+02
8.500000000000000000e+01 3.629066501150810495e+02
8.750000000000000000e+01 3.631124045797942017e+02
9.000000000000000000e+01 3.633110598537598435e+02
9.250000000000000000e+01 3.634981774946014639e+02
9.500000000000000000e+01 3.638247785138585186e+02
9.750000000000000000e+01 3.643245288592950715e+02
1.000000000000000000e+02 3.645746703131430877e+02
1.025000000000000000e+02 3.649034120066579021e+02
1.050000000000000000e+02 3.654016692528521730e+02
1.075000000000000000e+02 3.658084644380500663e+02
1.100000000000000000e+02 3.660873434595686149e+02
1.125000000000000000e+02 3.663594393858447802e+02
1.150000000000000000e+02 3.667973416258703878e+02
1.175000000000000000e+02 3.672031655958690521e+02
1.200000000000000000e+02 3.675772519062772972e+02
1.225000000000000000e+02 3.681854640376280372e+02
1.250000000000000000e+02 3.687228438155258345e+02
1.275000000000000000e+02 3.692466790140108515e+02
1.300000000000000000e+02 3.698672917845318580e+02
1.325000000000000000e+02 3.704137276770709377e+02
1.350000000000000000e+02 3.710653384953562295e+02
1.375000000000000000e+02 3.717690930255705553e+02
1.400000000000000000e+02 3.726102987781945330e+02
1.425000000000000000e+02 3.734749117628891213e+02
1.450000000000000000e+02 3.744973272070940311e+02
1.475000000000000000e+02 3.755370358637730988e+02
1.500000000000000000e+02 3.758911290975094062e+02
1.525000000000000000e+02 3.763912133193009595e+02
1.550000000000000000e+02 3.768610430063927197e+02
1.575000000000000000e+02 3.706886438038649203e+02
1.600000000000000000e+02 3.639416403091735788e+02
1.625000000000000000e+02 3.633470233896533728e+02
1.650000000000000000e+02 3.634770684497312914e+02
1.675000000000000000e+02 3.635305575131672526e+02
1.700000000000000000e+02 3.635272663604401373e+02
