-1.500000000000000000e+02 1.195192878355414905e+03
-1.475000000000000000e+02 1.160432465811316888e+03
-1.450000000000000000e+02 1.126851093386725324e+03
-1.425000000000000000e+02 1.094756804407517848e+03
-1.400000000000000000e+02 1.063529850752528318e+03
-1.375000000000000000e+02 1.034004680734801696e+03
-1.350000000000000000e+02 1.005274525199380378e+03
-1.325000000000000000e+02 9.781056549027382516e+02
-1.300000000000000000e+02 9.516440728245629543e+02
-1.275000000000000000e+02 9.265764825301429255e+02
-1.250000000000000000e+02 9.018447167502619095e+02
-1.225000000000000000e+02 8.783041731078184284e+02
-1.200000000000000000e+02 8.551770345814220491e+02
-1.175000000000000000e+02 8.331196264514236418e+02
-1.150000000000000000e+02 8.113239223505181599e+02
-1.125000000000000000e+02 7.900491595452374440e+02
-1.100000000000000000e+02 7.688502919910588389e+02
-1.075000000000000000e+02 7.479242291055115857e+02
-1.050000000000000000e+02 7.272799734002453533e+02
-1.025000000000000000e+02 7.069661629014835853e+02
-1.000000000000000000e+02 6.870252664468524699e+02
-9.750000000000000000e+01 6.674776630368644419e+02
-9.500000000000000000e+01 6.483375681521372371e+02
-9.250000000000000000e+01 6.296182467279016919e+02
-9.000000000000000000e+01 6.113328345826538452e+02
-8.750000000000000000e+01 5.936662771114437191e+02
-8.500000000000000000e+01 5.762875343378408388e+02
-8.250000000000000000e+01 5.595563921781360932e+02
-8.000000000000000000e+01 5.431590722559164988e+02
-7.750000000000000000e+01 5.272894651786496070e+02
-7.500000000000000000e+01 5.119782397859568164e+02
-7.250000000000000000e+01 4.972666072885781432e+02
-7.000000000000000000e+01 4.832100083885013646e+02
-6.750000000000000000e+01 4.698871253036952567e+02
-6.500000000000000000e+01 4.574395160640386280e+02
-6.250000000000000000e+01 4.461589422512162173e+02
-6.000000000000000000e+01 4.359847226634393564e+02
-5.750000000000000000e+01 4.271972517007267243e+02
-5.500000000000000000e+01 4.193048738280321004e+02
-5.250000000000000000e+01 4.124295768962349484e+02
-5.000000000000000000e+01 4.060785509783322595e+02
-4.750000000000000000e+01 4.000624999120703933e+02
-4.500000000000000000e+01 3.941185289524906921e+02
-4.250000000000000000e+01 3.882071667383755198e+02
-4.000000000000000000e+01 3.823390417094383338e+02
-3.750000000000000000e+01 3.765533099190591315e+02
-3.500000000000000000e+01 3.711164424212969948e+02
-3.250000000000000000e+01 3.649148049249199630e+02
-3.000000000000000000e+01 3.575972094054167769e+02
-2.750000000000000000e+01 3.499584168635908554e+02
-2.500000000000000000e+01 3.423160574117717374e+02
-2.250000000000000000e+01 3.349071350624667502e+02
-2.000000000000000000e+01 3.279328480650009396e+02
-1.750000000000000000e+01 3.214761710126924186e+02
-1.500000000000000000e+01 3.156331817062487062e+02
-1.250000000000000000e+01 3.105309726077207984e+02
-1.000000000000000000e+01 3.065400089040304579e+02
-7.500000000000000000e+00 3.039428159132860401e+02
-5.000000000000000000e+00 3.030997642657087567e+02
-2.500000000000000000e+00 3.043777432445410227e+02
0.000000000000000000e+00 3.064690553267043924e+02
2.500000000000000000e+00 3.073480182052776399e+02
5.000000000000000000e+00 3.074357255611483879e+02
7.500000000000000000e+00 3.075071572501168475e+02
1.000000000000000000e+01 3.075540504010141376e+02
1.250000000000000000e+01 3.074914897475941871e+02
1.500000000000000000e+01 3.073106740194742201e+02
1.750000000000000000e+01 3.074184653339793840e+02
2.000000000000000000e+01 3.077991034894050131e+02
2.250000000000000000e+01 3.080246592536106505e+02
2.500000000000000000e+01 3.080448579790292456e+02
2.750000000000000000e+01 3.078456594841472906e+02
3.000000000000000000e+01 3.077970780287304819e+02
3.250000000000000000e+01 3.081424452123146693e+02
3.500000000000000000e+01 3.084837364924740655e+02
3.750000000000000000e+01 3.086655253595775434e+02
4.000000000000000000e+01 3.088200541369301391e+02
4.250000000000000000e+01 3.090012526927567365e+02
4.500000000000000000e+01 3.091946922264289697e+02
4.750000000000000000e+01 3.093378305293361450e+02
5.000000000000000000e+01 3.092884666739211639e+02
5.250000000000000000e+01 3.090708444857706922e+02
5.500000000000000000e+01 3.093006474495763314e+02
5.750000000000000000e+01 3.098292501673093398e+02
6.000000000000000000e+01 3.100941428141546226e+02
6.250000000000000000e+01 3.102173073947768671e+02
6.500000000000000000e+01 3.102105374590299789e+02
6.750000000000000000e+01 3.101983169634747810e+02
7.000000000000000000e+01 3.105002781790938116e+02
7.250000000000000000e+01 3.111758583579026549e+02
7.500000000000000000e+01 3.116885611541173375e+02
7.750000000000000000e+01 3.118328666443796919e+02
8.000000000000000000e+01 3.119753095301892358e+02
8.250000000000000000e+01 3.123392879769214119e+02
8.500000000000000000e+01 3.128006463454435107e+02
8.750000000000000000e+01 3.130651796391126140e+02
9.000000000000000000e+01 3.129834153537741486e+02
9.250000000000000000e+01 3.132003103194595042e+02
9.500000000000000000e+01 3.139621264354618688e+02
9.750000000000000000e+01 3.146734549170539026e+02
1.000000000000000000e+02 3.152323097396647995e+02
1.025000000000000000e+02 3.155043260659238626e+02
1.050000000000000000e+02 3.151556875871087868e+02
1.075000000000000000e+02 3.154588602475404855e+02
1.100000000000000000e+02 3.166384817240168559e+02
1.125000000000000000e+02 3.172869081570777325e+02
1.150000000000000000e+02 3.177610463465034059e+02
1.175000000000000000e+02 3.183007771442404987e+02
1.200000000000000000e+02 3.184909424775818820e+02
1.225000000000000000e+02 3.179980559333820906e+02
1.250000000000000000e+02 3.164759073816196633e+02
1.275000000000000000e+02 3.151502019268975801e+02
1.300000000000000000e+02 3.142121301725127864e+02
1.325000000000000000e+02 3.124123549334641439e+02
1.350000000000000000e+02 3.110464765887651311e+02
1.375000000000000000e+02 3.099107994150772925e+02
1.400000000000000000e+02 3.080459797220298128e+02
1.425000000000000000e+02 3.067555762519086215e+02
1.450000000000000000e+02 3.048256175120791340e+02
1.475000000000000000e+02 3.020959745949256217e+02
1.500000000000000000e+02 3.006578744752703187e+02
1.525000000000000000e+02 3.003533422689707209e+02
1.550000000000000000e+02 3.003531402777196035e+02
1.575000000000000000e+02 3.003522149626725763e+02
1.600000000000000000e+02 3.003512643269453406e+02
1.625000000000000000e+02 3.003502404657256193e+02
1.650000000000000000e+02 3.003492357847815128e+02
1.675000000000000000e+02 3.003481958483772587e+02
1.700000000000000000e+02 3.003470399246060651e+02
1.725000000000000000e+02 3.003458630604029622e+02
1.750000000000000000e+02 3.003446432485103514e+02
1.775000000000000000e+02 3.003433613132241362e+02
1.800000000000000000e+02 3.003420032487692310e+02
1.825000000000000000e+02 3.003405830799976002e+02
1.850000000000000000e+02 3.003390855763102536e+02
1.875000000000000000e+02 3.003374983496645996e+02
1.900000000000000000e+02 3.003358295994133869e+02
1.925000000000000000e+02 3.003340424351573006e+02
1.950000000000000000e+02 3.003321357501430953e+02
1.975000000000000000e+02 3.003300960537025048e+02
2.000000000000000000e+02 3.003278978925337697e+02
