-1.500000000000000000e+02 4.132265030778801247e+02
-1.475000000000000000e+02 4.114137169200093922e+02
-1.450000000000000000e+02 4.095911137173607131e+02
-1.425000000000000000e+02 4.077808486832281005e+02
-1.400000000000000000e+02 4.059496701951446767e+02
-1.375000000000000000e+02 4.041486786750372175e+02
-1.350000000000000000e+02 4.023258670650461681e+02
-1.325000000000000000e+02 4.005338493226331025e+02
-1.300000000000000000e+02 3.987187614656070309e+02
-1.275000000000000000e+02 3.969276675297415409e+02
-1.250000000000000000e+02 3.950821840710762558e+02
-1.225000000000000000e+02 3.932480726097857655e+02
-1.200000000000000000e+02 3.913686655210024696e+02
-1.175000000000000000e+02 3.894910358870605478e+02
-1.150000000000000000e+02 3.875531746958765211e+02
-1.125000000000000000e+02 3.855873342025412853e+02
-1.100000000000000000e+02 3.835405144733919087e+02
-1.075000000000000000e+02 3.814137218592090903e+02
-1.050000000000000000e+02 3.792080084746204420e+02
-1.025000000000000000e+02 3.769657024293027803e+02
-1.000000000000000000e+02 3.747206118408518023e+02
-9.750000000000000000e+01 3.724734772481958771e+02
-9.500000000000000000e+01 3.702616544031154149e+02
-9.250000000000000000e+01 3.680468310001089094e+02
-9.000000000000000000e+01 3.658814848312650270e+02
-8.750000000000000000e+01 3.637933423070691674e+02
-8.500000000000000000e+01 3.616563344701254437e+02
-8.250000000000000000e+01 3.597399419293348615e+02
-8.000000000000000000e+01 3.577281179473059183e+02
-7.750000000000000000e+01 3.558127596952772933e+02
-7.500000000000000000e+01 3.541807620061617854e+02
-7.250000000000000000e+01 3.522212645928061647e+02
-7.000000000000000000e+01 3.507590222393837394e+02
-6.750000000000000000e+01 3.492499169028644701e+02
-6.500000000000000000e+01 3.473839880454437434e+02
-6.250000000000000000e+01 3.463913567096903989e+02
-6.000000000000000000e+01 3.446337380040663447e+02
-5.750000000000000000e+01 3.433817036882236380e+02
-5.500000000000000000e+01 3.423719377579066077e+02
-5.250000000000000000e+01 3.405214579901511343e+02
-5.000000000000000000e+01 3.399019871922051834e+02
-4.750000000000000000e+01 3.383825780801163319e+02
-4.500000000000000000e+01 3.368305558184747497e+02
-4.250000000000000000e+01 3.360261482867773566e+02
-4.000000000000000000e+01 3.340422156960333382e+02
-3.750000000000000000e+01 3.331944814337656453e+02
-3.500000000000000000e+01 3.328293510698532600e+02
-3.250000000000000000e+01 3.319075579387748576e+02
-3.000000000000000000e+01 3.314657282905346278e+02
-2.750000000000000000e+01 3.295830302262972396e+02
-2.500000000000000000e+01 3.274696777375197598e+02
-2.250000000000000000e+01 3.257997027542662067e+02
-2.000000000000000000e+01 3.229100762831967586e+02
-1.750000000000000000e+01 3.210560623585359963e+02
-1.500000000000000000e+01 3.188771084951171133e+02
-1.250000000000000000e+01 3.155743043261869616e+02
-1.000000000000000000e+01 3.141204515208418115e+02
-7.500000000000000000e+00 3.112868065905519757e+02
-5.000000000000000000e+00 3.074940095645761744e+02
-2.500000000000000000e+00 3.065498196505456576e+02
0.000000000000000000e+00 3.046639181170026518e+02
2.500000000000000000e+00 3.031047112894167981e+02
5.000000000000000000e+00 3.049952078341739252e+02
7.500000000000000000e+00 3.046219631852857219e+02
1.000000000000000000e+01 3.032336433693124036e+02
1.250000000000000000e+01 3.051391955521834802e+02
1.500000000000000000e+01 3.048050075275085078e+02
1.750000000000000000e+01 3.033970034021297124e+02
2.000000000000000000e+01 3.053277993438861699e+02
2.250000000000000000e+01 3.049697591355362079e+02
2.500000000000000000e+01 3.035955197362964668e+02
2.750000000000000000e+01 3.055639210133118127e+02
3.000000000000000000e+01 3.051177972071553768e+02
3.250000000000000000e+01 3.038372111024537503e+02
3.500000000000000000e+01 3.058437739357985947e+02
3.750000000000000000e+01 3.052496413490387113e+02
4.000000000000000000e+01 3.041417126913382276e+02
4.250000000000000000e+01 3.061668763493043457e+02
4.500000000000000000e+01 3.053683110852454092e+02
4.750000000000000000e+01 3.045318453080253107e+02
5.000000000000000000e+01 3.065277013137433073e+02
5.250000000000000000e+01 3.054787203320572644e+02
5.500000000000000000e+01 3.050347798514850979e+02
5.750000000000000000e+01 3.069221482057726575e+02
6.000000000000000000e+01 3.055950979684915296e+02
6.250000000000000000e+01 3.056735390092953821e+02
6.500000000000000000e+01 3.073456473231574364e+02
6.750000000000000000e+01 3.057481205487583793e+02
7.000000000000000000e+01 3.064605980017563525e+02
7.250000000000000000e+01 3.077965392079737512e+02
7.500000000000000000e+01 3.059967926594269443e+02
7.750000000000000000e+01 3.073903740779397822e+02
8.000000000000000000e+01 3.082752492699327149e+02
8.250000000000000000e+01 3.064375210621584529e+02
8.500000000000000000e+01 3.084489877762492824e+02
8.750000000000000000e+01 3.087931723681386984e+02
9.000000000000000000e+01 3.072034648348421229e+02
9.250000000000000000e+01 3.096257691588425587e+02
9.500000000000000000e+01 3.093709287490261204e+02
9.750000000000000000e+01 3.084355370050170109e+02
1.000000000000000000e+02 3.109281758397430053e+02
1.025000000000000000e+02 3.100541608281758954e+02
1.050000000000000000e+02 3.102198114275171292e+02
1.075000000000000000e+02 3.123713175062613914e+02
1.100000000000000000e+02 3.109288976328274430e+02
1.125000000000000000e+02 3.124633727083826784e+02
1.150000000000000000e+02 3.139393003862858791e+02
1.175000000000000000e+02 3.121149293934380466e+02
1.200000000000000000e+02 3.138912661599093781e+02
1.225000000000000000e+02 3.128134928474043477e+02
1.250000000000000000e+02 3.094698991854153860e+02
1.275000000000000000e+02 3.057736389004805915e+02
1.300000000000000000e+02 3.012940645342433754e+02
1.325000000000000000e+02 3.005156183192978006e+02
1.350000000000000000e+02 3.006054327350548760e+02
1.375000000000000000e+02 3.005823424754246389e+02
1.400000000000000000e+02 3.005641539771660291e+02
1.425000000000000000e+02 3.005419462948848377e+02
1.450000000000000000e+02 3.005120529460281205e+02
1.475000000000000000e+02 3.004612070696413184e+02
1.500000000000000000e+02 3.003926091631533950e+02
1.525000000000000000e+02 3.003558161919393115e+02
1.550000000000000000e+02 3.003535866943312271e+02
1.575000000000000000e+02 3.003520969732038566e+02
1.600000000000000000e+02 3.003506041061752967e+02
1.625000000000000000e+02 3.003490622460079180e+02
1.650000000000000000e+02 3.003475598754681073e+02
1.675000000000000000e+02 3.003460436598393812e+02
1.700000000000000000e+02 3.003444360630588221e+02
1.725000000000000000e+02 3.003428283750908463e+02
1.750000000000000000e+02 3.003411991553383018e+02
1.775000000000000000e+02 3.003395301345710777e+02
1.800000000000000000e+02 3.003378053863422679e+02
1.825000000000000000e+02 3.003360398607383672e+02
1.850000000000000000e+02 3.003342197810001721e+02
1.875000000000000000e+02 3.003323304669021354e+02
1.900000000000000000e+02 3.003303805268444648e+02
1.925000000000000000e+02 3.003283342394969395e+02
1.950000000000000000e+02 3.003261895090085432e+02
1.975000000000000000e+02 3.003239325286040184e+02
2.000000000000000000e+02 3.003215376006040174e+02
