-1.500000000000000000e+02 6.227919607589512907e+02
-1.475000000000000000e+02 6.121694953885898940e+02
-1.450000000000000000e+02 6.018651729441671705e+02
-1.425000000000000000e+02 5.919746133198984808e+02
-1.400000000000000000e+02 5.823073641834773753e+02
-1.375000000000000000e+02 5.731230833920624264e+02
-1.350000000000000000e+02 5.641417991085114636e+02
-1.325000000000000000e+02 5.556056204733762343e+02
-1.300000000000000000e+02 5.472480918987222367e+02
-1.275000000000000000e+02 5.392869776646416540e+02
-1.250000000000000000e+02 5.313859894801200880e+02
-1.225000000000000000e+02 5.238175205917076482e+02
-1.200000000000000000e+02 5.163193118251315354e+02
-1.175000000000000000e+02 5.090828694390251599e+02
-1.150000000000000000e+02 5.018529766534801411e+02
-1.125000000000000000e+02 4.947355178648342644e+02
-1.100000000000000000e+02 4.875768290035351242e+02
-1.075000000000000000e+02 4.804284053040129265e+02
-1.050000000000000000e+02 4.732944566269028428e+02
-1.025000000000000000e+02 4.662169796895445302e+02
-1.000000000000000000e+02 4.592309131153828048e+02
-9.750000000000000000e+01 4.523494274253707204e+02
-9.500000000000000000e+01 4.455796911348684262e+02
-9.250000000000000000e+01 4.389268885036724441e+02
-9.000000000000000000e+01 4.323953616852704727e+02
-8.750000000000000000e+01 4.260520012267303400e+02
-8.500000000000000000e+01 4.197780036875142287e+02
-8.250000000000000000e+01 4.137025520970210550e+02
-8.000000000000000000e+01 4.077104254491385404e+02
-7.750000000000000000e+01 4.018706449886146856e+02
-7.500000000000000000e+01 3.961935988516789280e+02
-7.250000000000000000e+01 3.906933788703996697e+02
-7.000000000000000000e+01 3.853887031420856601e+02
-6.750000000000000000e+01 3.803071594700857077e+02
-6.500000000000000000e+01 3.755093327764619744e+02
-6.250000000000000000e+01 3.711403903329718901e+02
-6.000000000000000000e+01 3.671819868351181526e+02
-5.750000000000000000e+01 3.637249577324023448e+02
-5.500000000000000000e+01 3.605842580424533708e+02
-5.250000000000000000e+01 3.578235468247132189e+02
-5.000000000000000000e+01 3.552478691207015800e+02
-4.750000000000000000e+01 3.527678328152425138e+02
-4.500000000000000000e+01 3.503001882451653728e+02
-4.250000000000000000e+01 3.478698888937814786e+02
-4.000000000000000000e+01 3.455086417275051076e+02
-3.750000000000000000e+01 3.432967498117207583e+02
-3.500000000000000000e+01 3.414666747829017481e+02
-3.250000000000000000e+01 3.393987587556486005e+02
-3.000000000000000000e+01 3.365146672860489048e+02
-2.750000000000000000e+01 3.330271977573389108e+02
-2.500000000000000000e+01 3.292299791003979408e+02
-2.250000000000000000e+01 3.253660165648698239e+02
-2.000000000000000000e+01 3.215597793489141623e+02
-1.750000000000000000e+01 3.178320210932188843e+02
-1.500000000000000000e+01 3.142362882511002908e+02
-1.250000000000000000e+01 3.107787431906052689e+02
-1.000000000000000000e+01 3.076270978977138384e+02
-7.500000000000000000e+00 3.052336712371732119e+02
-5.000000000000000000e+00 3.030327603270315535e+02
-2.500000000000000000e+00 3.037241374932820008e+02
0.000000000000000000e+00 3.042617558263978026e+02
2.500000000000000000e+00 3.030424908481623447e+02
5.000000000000000000e+00 3.048838405906334401e+02
7.500000000000000000e+00 3.047730994532095679e+02
1.000000000000000000e+01 3.031989331429700769e+02
1.250000000000000000e+01 3.050274086509529639e+02
1.500000000000000000e+01 3.049509698762329322e+02
1.750000000000000000e+01 3.033626126243973999e+02
2.000000000000000000e+01 3.052203392002373903e+02
2.250000000000000000e+01 3.051147213448966795e+02
2.500000000000000000e+01 3.035531355886516280e+02
2.750000000000000000e+01 3.054649638786246442e+02
3.000000000000000000e+01 3.052654031079740662e+02
3.250000000000000000e+01 3.037791071566876440e+02
3.500000000000000000e+01 3.057574753653450443e+02
3.750000000000000000e+01 3.054026290031478084e+02
4.000000000000000000e+01 3.040611932450743211e+02
4.250000000000000000e+01 3.060973623367244727e+02
4.500000000000000000e+01 3.055279956050588908e+02
4.750000000000000000e+01 3.044243502849733432e+02
5.000000000000000000e+01 3.064788944815663854e+02
5.250000000000000000e+01 3.056437710085362482e+02
5.500000000000000000e+01 3.048995597825413597e+02
5.750000000000000000e+01 3.068977498484580906e+02
6.000000000000000000e+01 3.057600146257561846e+02
6.250000000000000000e+01 3.055159191202197349e+02
6.500000000000000000e+01 3.073490115887755110e+02
6.750000000000000000e+01 3.059009523907365065e+02
7.000000000000000000e+01 3.062932272069538158e+02
7.250000000000000000e+01 3.078309061575112082e+02
7.500000000000000000e+01 3.061178978281267291e+02
7.750000000000000000e+01 3.072317728460591297e+02
8.000000000000000000e+01 3.083439969787225436e+02
8.250000000000000000e+01 3.065012052614674758e+02
8.500000000000000000e+01 3.083177492919698466e+02
8.750000000000000000e+01 3.088996356006579731e+02
9.000000000000000000e+01 3.071856931195052880e+02
9.250000000000000000e+01 3.095350130258958643e+02
9.500000000000000000e+01 3.095162447794060654e+02
9.750000000000000000e+01 3.083270835326068777e+02
1.000000000000000000e+02 3.108840637163817746e+02
1.025000000000000000e+02 3.102289240527604193e+02
1.050000000000000000e+02 3.100440184835761102e+02
1.075000000000000000e+02 3.123764332641312649e+02
1.100000000000000000e+02 3.110944573280319219e+02
1.125000000000000000e+02 3.122824845347622045e+02
1.150000000000000000e+02 3.140011398772376197e+02
1.175000000000000000e+02 3.121589846018593448e+02
1.200000000000000000e+02 3.137723608606624452e+02
1.225000000000000000e+02 3.129825646337897638e+02
1.250000000000000000e+02 3.093470719541522840e+02
1.275000000000000000e+02 3.056238076161323534e+02
1.300000000000000000e+02 3.013865059920508429e+02
1.325000000000000000e+02 3.005030079029725130e+02
1.350000000000000000e+02 3.006025826472099425e+02
1.375000000000000000e+02 3.005797029767261961e+02
1.400000000000000000e+02 3.005616587626886371e+02
1.425000000000000000e+02 3.005396367075950366e+02
1.450000000000000000e+02 3.005099937293608718e+02
1.475000000000000000e+02 3.004595814201135227e+02
1.500000000000000000e+02 3.003915891241351801e+02
1.525000000000000000e+02 3.003551270329656404e+02
1.550000000000000000e+02 3.003529127671899914e+02
1.575000000000000000e+02 3.003514302465281389e+02
1.600000000000000000e+02 3.003499444352974592e+02
1.625000000000000000e+02 3.003484095119919175e+02
1.650000000000000000e+02 3.003469139246453210e+02
1.675000000000000000e+02 3.003454043709484154e+02
1.700000000000000000e+02 3.003438033597379331e+02
1.725000000000000000e+02 3.003422021473240306e+02
1.750000000000000000e+02 3.003405793113954587e+02
1.775000000000000000e+02 3.003389165973617878e+02
1.800000000000000000e+02 3.003371981004591476e+02
1.825000000000000000e+02 3.003354387811116908e+02
1.850000000000000000e+02 3.003336248792136303e+02
1.875000000000000000e+02 3.003317417417360957e+02
1.900000000000000000e+02 3.003297979945605789e+02
1.925000000000000000e+02 3.003277579487522644e+02
1.950000000000000000e+02 3.003256195367501959e+02
1.975000000000000000e+02 3.003233689899133765e+02
2.000000000000000000e+02 3.003209806576837764e+02
